"fips","county","state","r.lm","predicted.lm","r.slm","predicted.slm","date.y","days_from_start.y","log_rolled_cases.y","tau.hat","predicted.grf.future.0","predicted.grf.future.last","D.r.lm","D.r.slm","D.tau.hat","B.D.r.lm","B.D.r.slm","B.D.tau.hat"
51630,"Fredericksburg city","Virginia",0.0582689081239732,3.81855848248451,0.0582689081239751,3.81855848248453,"2020-05-14",114,3.88303546855489,0.0605436779434614,3.83675664104041,3.83448187122093,NA,NA,NA,NA,NA,NA
51630,"Fredericksburg city","Virginia",0.0727593542824293,3.99275095987613,0.0727593542824287,3.99275095987613,"2020-05-15",115,3.94573406277046,0.0767200593484173,4.02443660040404,4.02047589533805,0.0144904461584561,0.0144904461584536,0.0161763814049559,1,1,1
51630,"Fredericksburg city","Virginia",0.0678225963387609,4.02601625060922,0.0678225963387611,4.02601625060922,"2020-05-16",116,4.01251454397447,0.0708865371048346,4.05052777673781,4.04746383597173,-0.00493675794366841,-0.0049367579436676,-0.0058335222435827,-1,-1,-1
51630,"Fredericksburg city","Virginia",0.0711762784678934,4.12066830398104,0.0711762784678931,4.12066830398103,"2020-05-17",117,4.07268306544092,0.0727064894266922,4.13290999165143,4.13137978069263,0.00335368212913251,0.00335368212913199,0.0018199523218576,1,1,1
51630,"Fredericksburg city","Virginia",0.0411272914238639,3.95145268609669,0.0411272914238636,3.95145268609669,"2020-05-18",118,4.14086457785699,0.0430196383031807,3.96659146113123,3.96469911425192,-0.0300489870440295,-0.0300489870440295,-0.0296868511235115,-1,-1,-1
51630,"Fredericksburg city","Virginia",0.0604091277955615,4.14683466849414,0.0604091277955594,4.14683466849412,"2020-05-19",119,4.20255814686233,0.0625225259538382,4.16374185376036,4.16162845560208,0.0192818363716976,0.0192818363716958,0.0195028876506575,1,1,1
51630,"Fredericksburg city","Virginia",0.0795120629277332,4.36006727734707,0.0795120629277353,4.36006727734709,"2020-05-20",120,4.24235397402728,0.0782306666301361,4.3498161069663,4.35109750326389,0.0191029351321717,0.0191029351321759,0.0157081406762979,1,1,1
51630,"Fredericksburg city","Virginia",0.0795526317019542,4.43990389046857,0.0795526317019535,4.43990389046857,"2020-05-21",121,4.27468002104443,0.077093998671431,4.42023482622439,4.42269345925491,4.05687742209976e-05,4.05687742181943e-05,-0.0011366679587051,1,1,-1
51630,"Fredericksburg city","Virginia",0.0626985942155628,4.3846242222794,0.0626985942155631,4.3846242222794,"2020-05-22",122,4.30213272545312,0.0641688934466046,4.39638661612773,4.39491631689669,-0.0168540374863914,-0.0168540374863904,-0.0129251052248264,-1,-1,-1
51630,"Fredericksburg city","Virginia",0.0667804812040121,4.47997791240255,0.0667804812040109,4.47997791240254,"2020-05-23",123,4.32318613465095,0.0676357856756503,4.48682034817566,4.48596504370402,0.0040818869884493,0.00408188698844779,0.0034668922290457,1,1,1
51630,"Fredericksburg city","Virginia",0.0601685214664532,4.49386271570609,0.0601685214664522,4.49386271570609,"2020-05-24",124,4.34380542185368,0.0611317266344539,4.5015683570501,4.5006051518821,-0.0066119597375589,-0.0066119597375587,-0.0065040590411964,-1,-1,-1
51630,"Fredericksburg city","Virginia",0.0681815124160726,4.6181351647695,0.0681815124160732,4.61813516476951,"2020-05-25",125,4.3640081291712,0.0664590080104537,4.60435512952455,4.60607763393017,0.00801299094961941,0.008012990949621,0.00532728137599979,1,1,1
51630,"Fredericksburg city","Virginia",0.0616935690053406,4.63441312989972,0.0616935690053406,4.63441312989972,"2020-05-26",126,4.38914410244275,0.0618564343472559,4.63571605263504,4.63555318729312,-0.00648794341073201,-0.0064879434107326,-0.00460257366319779,-1,-1,-1
51630,"Fredericksburg city","Virginia",0.039795827164943,4.52092476418188,0.0397958271649426,4.52092476418188,"2020-05-27",127,4.41711795448515,0.0402437860741636,4.52450843545564,4.52406047654642,-0.0218977418403976,-0.021897741840398,-0.0216126482730923,-1,-1,-1
51630,"Fredericksburg city","Virginia",0.0323260470171507,4.50096235016448,0.0323260470171496,4.50096235016447,"2020-05-28",128,4.44768060489532,0.0337513753969934,4.51236497720323,4.51093964882338,-0.0074697801477923,-0.007469780147793,-0.00649241067717021,-1,-1,-1
51630,"Fredericksburg city","Virginia",0.0274527044086905,4.49430165631395,0.0274527044086899,4.49430165631395,"2020-05-29",129,4.47895887485007,0.0297302298658965,4.5125218599716,4.5102443345144,-0.0048733426084602,-0.0048733426084597,-0.0040211455310969,-1,-1,-1
51630,"Fredericksburg city","Virginia",0.0210534091978306,4.47055999903576,0.0210534091978314,4.47055999903577,"2020-05-30",130,4.51711930786536,0.024512388094639,4.49823183021023,4.49477285131342,-0.0063992952108599,-0.0063992952108585,-0.0052178417712575,-1,-1,-1
51630,"Fredericksburg city","Virginia",0.0206192872027358,4.48814043227283,0.0206192872027362,4.48814043227284,"2020-05-31",131,4.55537952148507,0.0241324945395823,4.51624609096761,4.51273288363076,-0.000434121995094801,-0.0004341219950952,-0.000379893555056701,-1,-1,-1
51630,"Fredericksburg city","Virginia",0.0202027073175199,4.50542708039384,0.0202027073175195,4.50542708039384,"2020-06-01",132,4.58642414316704,0.02321501960306,4.52952557867816,4.52651326639262,-0.000416579885215901,-0.000416579885216699,-0.000917474936522299,-1,-1,-1
51630,"Fredericksburg city","Virginia",0.0251359732715432,4.56509591534355,0.0251359732715422,4.56509591534354,"2020-06-02",133,4.61512051684126,0.027247870110649,4.58199109005639,4.57987919321729,0.0049332659540233,0.0049332659540227,0.004032850507589,1,1,1
51630,"Fredericksburg city","Virginia",0.0279738520424065,4.612934918782,0.0279738520424067,4.612934918782,"2020-06-03",134,4.63749907310345,0.0296591287959631,4.62641713281046,4.62473185605689,0.0028378787708633,0.0028378787708645,0.0024112586853141,1,1,1
51630,"Fredericksburg city","Virginia",0.0305626504101638,4.66161915776646,0.0305626504101655,4.66161915776648,"2020-06-04",135,4.649870364906,0.0316420711246379,4.67025452348225,4.66917510276779,0.0025887983677573,0.0025887983677588,0.0019829423286748,1,1,1
51630,"Fredericksburg city","Virginia",0.0312782699547552,4.69790676453336,0.0312782699547558,4.69790676453336,"2020-06-05",136,4.66478589566244,0.0317365227532747,4.70157278692152,4.70111453412299,0.000715619544591404,0.000715619544590301,9.44516286368047e-05,1,1,1
51630,"Fredericksburg city","Virginia",0.0381604330152842,4.78424233897235,0.0381604330152836,4.78424233897234,"2020-06-06",137,4.67416305747504,0.0379301221122635,4.78239985174818,4.7826301626512,0.006882163060529,0.0068821630605278,0.0061935993589888,1,1,1
51630,"Fredericksburg city","Virginia",0.0382602136197186,4.8232010168231,0.0382602136197177,4.8232010168231,"2020-06-07",138,4.69134788222914,0.0383140263797756,4.82363151890357,4.8235777061435,9.97806044343991e-05,9.97806044341007e-05,0.0003839042675121,1,1,1
51630,"Fredericksburg city","Virginia",0.0310446216819621,4.80373649494077,0.0310446216819606,4.80373649494076,"2020-06-08",139,4.68872320880638,0.0320482719154845,4.81176569680895,4.81076204657543,-0.0072155919377565,-0.0072155919377571,-0.0062657544642911,-1,-1,-1
51630,"Fredericksburg city","Virginia",0.0286963736742237,4.81599513256083,0.0286963736742241,4.81599513256083,"2020-06-09",140,4.67015503607751,0.0300491083858932,4.82681701025419,4.82546427554251,-0.0023482480077384,-0.0023482480077365,-0.0019991635295913,-1,-1,-1
51630,"Fredericksburg city","Virginia",0.022378556262189,4.79414896693877,0.022378556262189,4.79414896693877,"2020-06-10",141,4.6525988795592,0.0239606141545434,4.80680543007761,4.80522337218525,-0.0063178174120347,-0.0063178174120351,-0.0060884942313498,-1,-1,-1
51630,"Fredericksburg city","Virginia",0.012371291802553,4.73646940752387,0.0123712918025536,4.73646940752388,"2020-06-11",142,4.6388812433304,0.0170538407401327,4.77392979902451,4.76924725008693,-0.010007264459636,-0.0100072644596354,-0.0069067734144107,-1,-1,-1
51630,"Fredericksburg city","Virginia",0.0149155307564446,4.76919461095756,0.0149155307564426,4.76919461095754,"2020-06-12",143,4.61935482098004,0.0177495787521897,4.79186699492352,4.78903294692777,0.0025442389538916,0.002544238953889,0.000695738012057003,1,1,1
51630,"Fredericksburg city","Virginia",0.00937716181259791,4.73980319016323,0.00937716181259685,4.73980319016322,"2020-06-13",144,4.59367580656236,0.0126501866898935,4.76598738918159,4.76271436430429,-0.00553836894384669,-0.00553836894384575,-0.0050993920622962,-1,-1,-1
51630,"Fredericksburg city","Virginia",0.0171848247541026,4.81164165550786,0.0171848247541018,4.81164165550786,"2020-06-14",145,4.55837802448133,0.0188906828486002,4.82528852026384,4.82358266216934,0.00780766294150469,0.00780766294150495,0.0062404961587067,1,1,1
51630,"Fredericksburg city","Virginia",-0.00262467342276759,4.670350494847,0,4.68872320880638,"2020-06-15",146,4.54329478227,-0.00966061437717471,4.61406296721174,4.62109890816616,-0.0198094981768702,-0.0171848247541018,-0.0285512972257749,-1,-1,-1
51630,"Fredericksburg city","Virginia",-0.0185681727288678,4.54017782697543,0,4.67015503607751,"2020-06-16",147,4.53259949315326,-0.0187039392290939,4.53909169497363,4.53922746147385,-0.0159434993061002,0,-0.00904332485191919,-1,0,-1
51630,"Fredericksburg city","Virginia",-0.0175561565183051,4.52970578393107,0,4.6525988795592,"2020-06-17",148,4.51085950651685,-0.0177555345283468,4.52811075985074,4.52831013786077,0.0010120162105627,0,0.000948404700747099,1,0,1
51630,"Fredericksburg city","Virginia",-0.013717636228805,4.54285778972876,0,4.6388812433304,"2020-06-18",149,4.49024021931411,-0.0162152412723919,4.52287694938007,4.52537455442366,0.0038385202895001,0,0.0015402932559549,1,0,1
51630,"Fredericksburg city","Virginia",-0.0195264223503533,4.48266986452757,0,4.61935482098004,"2020-06-19",150,4.46590811865458,-0.0196947833432013,4.48132297658479,4.48149133757763,-0.0058087861215483,0,-0.0034795420708094,-1,0,-1
51630,"Fredericksburg city","Virginia",-0.025679014417687,4.41392270563855,0,4.59367580656236,"2020-06-20",151,4.43928424994241,-0.0246834099059314,4.42188754173259,4.42089193722084,-0.0061525920673337,0,-0.0049886265627301,-1,0,-1
51630,"Fredericksburg city","Virginia",-0.0352977820810243,4.31129354991416,0,4.55837802448133,"2020-06-21",152,4.39444915467244,-0.0329612589368732,4.32998573506737,4.32764921192322,-0.0096187676633373,0,-0.0082778490309418,-1,0,-1
51630,"Fredericksburg city","Virginia",-0.0150832422113276,4.43771208679071,0,4.54329478227,"2020-06-22",153,4.34935585238433,-0.0170320624948001,4.42212152452293,4.4240703448064,0.0202145398696967,0,0.0159291964420731,1,0,1
51630,"Fredericksburg city","Virginia",-0.0106952891167479,4.45773246933602,0,4.53259949315326,"2020-06-23",154,4.30791866252016,-0.0146074542918306,4.42643514793536,4.43034731311045,0.0043879530945797,0,0.0024246082029695,1,0,1
51630,"Fredericksburg city","Virginia",-0.0217399866364047,4.35867960006202,0,4.51085950651685,"2020-06-24",155,4.27666611901606,-0.0221930079141387,4.35505542984015,4.35550845111788,-0.0110446975196568,0,-0.0075855536223081,-1,0,-1
51630,"Fredericksburg city","Virginia",-0.0206192872027354,4.34590520889497,0,4.49024021931411,"2020-06-25",156,4.23823874188217,-0.0210584822285665,4.34239164868832,4.34283084371414,0.0011206994336693,0,0.0011345256855722,1,0,1
51630,"Fredericksburg city","Virginia",-0.0243321006595313,4.29558341403787,0,4.46590811865458,"2020-06-26",157,4.20255814686233,-0.0246017819077209,4.29342596405234,4.29369564530053,-0.0037128134567959,0,-0.0035432996791544,-1,0,-1
51630,"Fredericksburg city","Virginia",-0.0266238687121709,4.25291716895722,0,4.43928424994241,"2020-06-27",158,4.15216413311093,-0.0270320058666886,4.24965207172107,4.25006020887559,-0.0022917680526396,0,-0.0024302239589677,-1,0,-1
51630,"Fredericksburg city","Virginia",-0.0448350952699736,4.08060348778262,0,4.39444915467244,"2020-06-28",159,4.11787505963229,-0.0417699519862708,4.10512463405224,4.10205949076854,-0.0182112265578027,0,-0.0147379461195822,-1,0,-1
51630,"Fredericksburg city","Virginia",-0.0450933022881069,4.03370273636758,0,4.34935585238433,"2020-06-29",160,4.04805127825126,-0.0421052915969938,4.05760682189649,4.05461881120537,-0.000258207018133304,0,-0.000335339610722997,-1,0,-1
51630,"Fredericksburg city","Virginia",-0.0414371898641755,4.01785833347093,0,4.30791866252016,"2020-06-30",161,4.00212484012533,-0.0402030283974543,4.0277316252047,4.02649746373798,0.0036561124239314,0,0.0019022631995395,1,0,1
51630,"Fredericksburg city","Virginia",-0.0312525435041059,4.05789831448731,0,4.27666611901606,"2020-07-01",162,3.98367899433458,-0.0313275220195743,4.05729848636357,4.05737346487904,0.0101846463600696,0,0.00887550637788,1,0,1
51630,"Fredericksburg city","Virginia",-0.0384273771338836,3.96924710194498,0,4.23823874188217,"2020-07-02",163,3.96217278911362,-0.0376386016320814,3.97555730595941,3.9747685304576,-0.0071748336297777,0,-0.0063110796125071,-1,0,-1
51630,"Fredericksburg city","Virginia",-0.035680595019837,3.95279398172348,0,4.20255814686233,"2020-07-03",164,3.95398720452718,-0.0356446151434536,3.95308182073454,3.95304584085816,0.00274678211404659,0,0.0019939864886278,1,0,1
51630,"Fredericksburg city","Virginia",-0.0503940137514103,3.79940603685106,0,4.15216413311093,"2020-07-04",165,3.96217278911362,-0.047908841827777,3.81928741224011,3.81680224031649,-0.0147134187315733,0,-0.0122642266843234,-1,0,-1
51630,"Fredericksburg city","Virginia",-0.0342890734786317,3.87785154528187,0,4.11787505963229,"2020-07-05",166,3.96217278911362,-0.0347186209339753,3.87441516563913,3.87484471309446,0.0161049402727786,0,0.0131902208938017,1,0,1
51630,"Fredericksburg city","Virginia",-0.0698237813810418,3.55928480858396,0,4.04805127825126,"2020-07-06",167,3.98367899433458,-0.066137832585831,3.58877239894564,3.58508645015044,-0.0355347079024101,0,-0.0314192116518557,-1,0,-1
51630,"Fredericksburg city","Virginia",-0.0459264381259218,3.68063977324388,0,4.00212484012533,"2020-07-07",168,3.9810158769151,-0.0425354171111457,3.70776794136209,3.70437692034731,0.02389734325512,0,0.0236024154746853,1,0,1
51630,"Fredericksburg city","Virginia",-0.018445845790751,3.85455807379932,0,3.98367899433458,"2020-07-08",169,3.96488649498521,-0.0217720171316054,3.82794870307249,3.83127487441334,0.0274805923351708,0,0.0207633999795403,1,0,1
51630,"Fredericksburg city","Virginia",-0.0215062052209636,3.81162935256687,0,3.96217278911362,"2020-07-09",170,3.94573406277046,-0.0239074212228176,3.79241962455204,3.7948208405539,-0.0030603594302126,0,-0.0021354040912122,-1,0,-1
51630,"Fredericksburg city","Virginia",-0.00818558458643978,3.8966881124221,0,3.95398720452718,"2020-07-10",171,3.91487607441055,-0.013923269496514,3.85078663314151,3.85652431805158,0.0133206206345238,0,0.0099841517263036,1,0,1
51630,"Fredericksburg city","Virginia",0.00818558458644044,4.0194718812187,0.0081855845864407,4.0194718812187,"2020-07-11",172,3.92055790787798,0.00837005137663306,4.02094761554025,4.02076314875005,0.0163711691728802,0.0081855845864407,0.0222933208731471,1,1,1
51630,"Fredericksburg city","Virginia",-6.2803698347353e-16,3.96217278911361,0,3.96217278911362,"2020-07-12",173,3.9262076404201,0.00294724513846758,3.98575075022136,3.98280350508289,-0.00818558458644107,-0.0081855845864407,-0.00542280623816548,-1,-1,-1
51630,"Fredericksburg city","Virginia",0.0215062052209627,4.13422243088132,0.0215062052209629,4.13422243088132,"2020-07-13",174,3.95672318434605,0.0207751440792476,4.1283739417476,4.12910500288931,0.0215062052209633,0.0215062052209629,0.01782789894078,1,1,1
51630,"Fredericksburg city","Virginia",-0.00266311741948307,3.96237405497872,0,3.9810158769151,"2020-07-14",175,3.97298370521783,-0.0112216802708727,3.8939055521676,3.90246411501899,-0.0241693226404458,-0.0215062052209629,-0.0319968243501203,-1,-1,-1
51630,"Fredericksburg city","Virginia",-0.0161293819298841,3.85198082147603,0,3.96488649498521,"2020-07-15",176,3.98367899433458,-0.018804843426202,3.83057712950548,3.8332525910018,-0.013466264510401,0,-0.0075831631553293,-1,0,-1
51630,"Fredericksburg city","Virginia",-0.0191524322147572,3.81166703726716,0,3.94573406277046,"2020-07-16",177,3.99426110366512,-0.0200620421246516,3.804390157988,3.8052997678979,-0.0030230502848731,0,-0.0012571986984496,-1,0,-1
51630,"Fredericksburg city","Virginia",-0.0308579883599051,3.69887015589122,0,3.91487607441055,"2020-07-17",178,4.01509519056796,-0.0297433203016341,3.70778750035739,3.70667283229911,-0.0117055561451479,0,-0.0096812781769825,-1,0,-1
51630,"Fredericksburg city","Virginia",0.00568183346743122,3.96033074215,0.00568183346743156,3.96033074215,"2020-07-18",179,4.00992722040952,0.00735220501588973,3.97369371453767,3.97202334298921,0.0365398218273363,0.00568183346743156,0.0370955253175238,1,1,1
51630,"Fredericksburg city","Virginia",0.00564973254211945,3.96575576821494,0.00564973254211898,3.96575576821493,"2020-07-19",180,4.01251454397447,0.00711671245028595,3.97749160748027,3.9760246275721,-3.21009253117701e-05,-3.21009253125802e-05,-0.00023549256560378,-1,-1,-1
51630,"Fredericksburg city","Virginia",0.0305155439259532,4.17033199182773,0.0305155439259512,4.17033199182771,"2020-07-20",181,3.99162605602711,0.0315255037348947,4.17841167029926,4.17740171049031,0.0248658113838337,0.0248658113838322,0.0244087912846087,1,1,1
51630,"Fredericksburg city","Virginia",0.0162605208717788,4.08680735132028,0.016260520871779,4.08680735132029,"2020-07-21",182,3.9863350383927,0.0172306954914453,4.09456874827761,4.09359857365795,-0.0142550230541744,-0.0142550230541722,-0.0142948082434494,-1,-1,-1
51630,"Fredericksburg city","Virginia",0.0106952891167486,4.05854601815182,0.0106952891167489,4.05854601815182,"2020-07-22",183,3.99162605602711,0.0119097042808251,4.06826133946443,4.06704692430036,-0.0055652317550302,-0.0055652317550301,-0.0053209912106202,-1,-1,-1
51630,"Fredericksburg city","Virginia",0.0105821093305375,4.06833586897888,0.0105821093305374,4.06833586897888,"2020-07-23",184,4.00733318523247,0.0118568279177189,4.07853361767633,4.07725889908915,-0.000113179786211101,-0.0001131797862115,-5.28763631061999e-05,-1,-1,-1
51630,"Fredericksburg city","Virginia",0.0208340869028412,4.16093379888785,0.0208340869028407,4.16093379888784,"2020-07-24",185,4.02789946281395,0.0206489637311483,4.15945281351431,4.159637936686,0.0102519775723037,0.0102519775723033,0.0087921358134294,1,1,1
51630,"Fredericksburg city","Virginia",-0.00516797015844254,3.97375142930042,0,4.00992722040952,"2020-07-25",186,4.04805127825126,-0.0107357392157553,3.92920927684192,3.93477704589923,-0.0260020570612837,-0.0208340869028407,-0.0313847029469036,-1,-1,-1
51630,"Fredericksburg city","Virginia",0.00258732356495278,4.03062580892914,0.00258732356495184,4.03062580892913,"2020-07-26",187,4.06780500698749,0.00762351562318833,4.07091534539503,4.06587915333679,0.00775529372339532,0.00258732356495184,0.0183592548389436,1,1,1
51630,"Fredericksburg city","Virginia",-0.0208884879473576,3.84540664039561,0,3.99162605602711,"2020-07-27",188,4.12482757894718,-0.0192307147052076,3.85866882633281,3.85701105309066,-0.0234758115123104,-0.00258732356495184,-0.0268542303283959,-1,-1,-1
51630,"Fredericksburg city","Virginia",-0.00529101763441273,3.94929791495181,0,3.9863350383927,"2020-07-28",189,4.19181690503092,-0.00959240704349323,3.91488679967916,3.91918818908825,0.0155974703129449,0,0.00963830766171437,1,0,1
51630,"Fredericksburg city","Virginia",0.00529101763441482,4.02866317946802,0.00529101763441409,4.02866317946801,"2020-07-29",190,4.24235397402728,0.0076301153746019,4.04737596138952,4.04503686364932,0.0105820352688276,0.00529101763441409,0.0172225224180951,1,1,1
51630,"Fredericksburg city","Virginia",0.0157071292053585,4.11728308966998,0.0157071292053588,4.11728308966998,"2020-07-30",191,4.28850057666306,0.0159552048224622,4.11926769460681,4.11901961898971,0.0104161115709437,0.0104161115709447,0.0083250894478603,1,1,1
51630,"Fredericksburg city","Virginia",0.020566277581474,4.17186340588426,0.0205662775814757,4.17186340588428,"2020-07-31",192,4.33073334028633,0.0197115396078102,4.16502550209495,4.16588024006862,0.0048591483761155,0.0048591483761169,0.003756334785348,1,1,1
51630,"Fredericksburg city","Virginia",0.0201518154373094,4.18911398631242,0.020151815437309,4.18911398631242,"2020-08-01",193,4.38202663467388,0.0195350351030766,4.18417974363856,4.1847965239728,-0.000414462144164598,-0.000414462144166697,-0.000176504504733603,-1,-1,-1
51630,"Fredericksburg city","Virginia",0.0197537287362325,4.20608110814111,0.0197537287362319,4.20608110814111,"2020-08-02",194,4.41019751164058,0.0191156246126643,4.20097627515258,4.20161437927614,-0.0003980867010769,-0.000398086701077102,-0.0004194104904123,-1,-1,-1
51630,"Fredericksburg city","Virginia",0.0570225719596871,4.52398558266499,0.0570225719596893,4.523985582665,"2020-08-03",195,4.43590586835078,0.0545554141354891,4.5042483200714,4.5067154778956,0.0372688432234546,0.0372688432234574,0.0354397895228248,1,1,1
51630,"Fredericksburg city","Virginia",0.0669893260837442,4.66074218761713,0.0669893260837426,4.66074218761712,"2020-08-04",196,4.44096917030733,0.0616203025181559,4.61778999909243,4.62315902265801,0.00996675412405709,0.0099667541240533,0.0070648883826668,1,1,1
51630,"Fredericksburg city","Virginia",0.0505370689963569,4.59611345700178,0.0505370689963573,4.59611345700178,"2020-08-05",197,4.46261864200418,0.0488740518197412,4.58280931958885,4.58447233676547,-0.0164522570873873,-0.0164522570873853,-0.0127462506984147,-1,-1,-1
51630,"Fredericksburg city","Virginia",0.0461466026357832,4.61152679511354,0.0461466026357815,4.61152679511353,"2020-08-06",198,4.49184150068109,0.0450545138652979,4.60279008494966,4.60388217372015,-0.0043904663605737,-0.0043904663605758,-0.0038195379544433,-1,-1,-1
51630,"Fredericksburg city","Virginia",0.0422327636232726,4.62636268564924,0.0422327636232724,4.62636268564924,"2020-08-07",199,4.52952256764878,0.0421102811799337,4.62538282610253,4.62550530854587,-0.0039138390125106,-0.0039138390125091,-0.0029442326853642,-1,-1,-1
51630,"Fredericksburg city","Virginia",0.0512932943875507,4.74107969538674,0.0512932943875501,4.74107969538673,"2020-08-08",200,4.55687989686031,0.0497181101325501,4.72847822134673,4.73005340560173,0.0090605307642781,0.0090605307642777,0.0076078289526164,1,1,1
51630,"Fredericksburg city","Virginia",0.0281708769666974,4.60739365040746,0.0281708769666968,4.60739365040746,"2020-08-09",201,4.59800169650948,0.029088606454341,4.61473548630861,4.61381775682097,-0.0231224174208533,-0.0231224174208533,-0.0206295036782091,-1,-1,-1
51630,"Fredericksburg city","Virginia",0.0257083567102046,4.61586436532222,0.0257083567102061,4.61586436532223,"2020-08-10",202,4.62777001790533,0.0268535656850089,4.62502603712065,4.62388082814584,-0.0024625202564928,-0.0024625202564907,-0.0022350407693321,-1,-1,-1
51630,"Fredericksburg city","Virginia",0.0050633019565479,4.47641228400317,0.00506330195654758,4.47641228400316,"2020-08-11",203,4.66074003714291,0.0076646859695942,4.49722335610753,4.49462197209449,-0.0206450547536567,-0.0206450547536585,-0.0191888797154147,-1,-1,-1
51630,"Fredericksburg city","Virginia",0.0216494716968524,4.61416494388215,0.0216494716968532,4.61416494388216,"2020-08-12",204,4.68872320880638,0.022041605748482,4.61730201629519,4.61690988224355,0.0165861697403045,0.0165861697403056,0.0143769197788878,1,1,1
51630,"Fredericksburg city","Virginia",0.029222858676905,4.69640151141942,0.0292228586769037,4.69640151141941,"2020-08-13",205,4.71338377062832,0.0288197520416152,4.6931766583371,4.6935797649724,0.0075733869800526,0.0075733869800505,0.0067781462931332,1,1,1
51630,"Fredericksburg city","Virginia",0.0376810669676872,4.79329003642259,0.0376810669676875,4.79329003642259,"2020-08-14",206,4.72358794080257,0.0371084883419712,4.78870940741686,4.78928198604258,0.0084582082907822,0.0084582082907838,0.008288736300356,1,1,1
51630,"Fredericksburg city","Virginia",0.0273573292115365,4.74838120134107,0.0273573292115348,4.74838120134105,"2020-08-15",207,4.72865124275911,0.02766956346861,4.75087907539766,4.75056684114058,-0.0103237377561507,-0.0103237377561527,-0.0094389248733612,-1,-1,-1
51630,"Fredericksburg city","Virginia",0.0411217996491684,4.88585429405366,0.0411217996491686,4.88585429405366,"2020-08-16",208,4.72991307257953,0.0407612639762584,4.88297000867038,4.88333054434329,0.0137644704376319,0.0137644704376338,0.0130917005076484,1,1,1
51630,"Fredericksburg city","Virginia",0.0297683213958517,4.83614826767629,0.0297683213958502,4.83614826767628,"2020-08-17",209,4.72738781871234,0.0289142496492573,4.82931569370354,4.83016976545013,-0.0113534782533167,-0.0113534782533184,-0.0118470143270011,-1,-1,-1
51630,"Fredericksburg city","Virginia",0.0329700192375753,4.89153017180593,0.0329700192375757,4.89153017180594,"2020-08-18",210,4.71338377062832,0.0328830384631191,4.89083432561028,4.89092130638474,0.0032016978417236,0.0032016978417255,0.0039687888138618,1,1,1
51630,"Fredericksburg city","Virginia",0.0279831716634697,4.88460541045066,0.02798317166347,4.88460541045067,"2020-08-19",211,4.68609162834031,0.027951115469013,4.88434896089501,4.88438101708947,-0.0049868475741056,-0.0049868475741057,-0.0049319229941061,-1,-1,-1
51630,"Fredericksburg city","Virginia",0.0246605618219434,4.88600770338192,0.0246605618219453,4.88600770338194,"2020-08-20",212,4.65938777189289,0.0246071727262827,4.88558059061664,4.8856339797123,-0.0033226098415263,-0.0033226098415247,-0.0033439427427303,-1,-1,-1
51630,"Fredericksburg city","Virginia",0.0102041701742484,4.79501713202231,0.0102041701742488,4.79501713202231,"2020-08-21",213,4.63055941999291,0.0107743063482091,4.79957822141399,4.79900808524003,-0.014456391647695,-0.0144563916476965,-0.0138328663780736,-1,-1,-1
51630,"Fredericksburg city","Virginia",0.00506330195654288,4.76409435645491,0.00506330195654225,4.76409435645491,"2020-08-22",214,4.60944674275535,0.00725570604877862,4.7816335891928,4.77944118510056,-0.00514086821770552,-0.00514086821770655,-0.00351860029943048,-1,-1,-1
51630,"Fredericksburg city","Virginia",0.00126182982042053,4.73874588132248,0.00126182982042078,4.73874588132248,"2020-08-23",215,4.58787868887803,0.00435202930079086,4.76346747716544,4.76037727768507,-0.00380147213612235,-0.00380147213612147,-0.00290367674798776,-1,-1,-1
51630,"Fredericksburg city","Virginia",-0.00252525386719218,4.709711041642,0,4.72738781871234,"2020-08-24",216,4.56880254181722,-0.00624967165324113,4.6799156993536,4.68364011713965,-0.00378708368761271,-0.00126182982042078,-0.010601700954032,-1,-1,-1
51630,"Fredericksburg city","Virginia",-0.0140040480840212,4.61535543404017,0,4.71338377062832,"2020-08-25",217,4.55086484113055,-0.0146387982208559,4.61027743294549,4.61091218308233,-0.011478794216829,0,-0.00838912656761477,-1,0,-1
51630,"Fredericksburg city","Virginia",-0.0272921422880077,4.49504663232426,0,4.68609162834031,"2020-08-26",218,4.53872508657994,-0.0253280606610293,4.51075928534009,4.5087952037131,-0.0132880942039865,0,-0.0106892624401734,-1,0,-1
51630,"Fredericksburg city","Virginia",-0.0267038564474231,4.47246077676093,0,4.65938777189289,"2020-08-27",219,4.52488935472729,-0.0253189652675122,4.48353990620021,4.4821550150203,0.000588285840584599,0,9.09539351710148e-06,1,0,1
51630,"Fredericksburg city","Virginia",-0.0288283518999759,4.42876095669308,0,4.63055941999291,"2020-08-28",220,4.50771484983738,-0.026488893649103,4.44747662270007,4.44513716444919,-0.0021244954525528,0,-0.0011699283815908,-1,0,-1
51630,"Fredericksburg city","Virginia",-0.021112677237567,4.46165800209238,0,4.60944674275535,"2020-08-29",221,4.47733681447821,-0.0209222132452905,4.46318171403059,4.46299125003832,0.0077156746624089,0,0.0055666804038125,1,0,1
51630,"Fredericksburg city","Virginia",-0.0215680538773132,4.43690231173684,0,4.58787868887803,"2020-08-30",222,4.45101950616083,-0.0214945939926092,4.43748999081448,4.43741653092977,-0.000455376639746201,0,-0.000572380747318697,-1,0,-1
51630,"Fredericksburg city","Virginia",-0.0190761470608129,4.43526951239153,0,4.56880254181722,"2020-08-31",223,4.42227703729518,-0.0190281574242341,4.43565342948416,4.43560543984758,0.0024919068165003,0,0.0024664365683751,1,0,1
51630,"Fredericksburg city","Virginia",-0.0179377006866689,4.42530093632387,0,4.55086484113055,"2020-09-01",224,4.40322884232448,-0.0178550274303316,4.42596232237457,4.42587964911823,0.001138446374144,0,0.0011731299939025,1,0,1
51630,"Fredericksburg city","Virginia",-0.0121397545506106,4.45374680472567,0,4.53872508657994,"2020-09-02",225,4.39444915467244,-0.013387100059842,4.44376804065181,4.44501538616105,0.0057979461360583,0,0.0044679273704896,1,0,1
51630,"Fredericksburg city","Virginia",-0.0138357318526495,4.42803923175874,0,4.52488935472729,"2020-09-03",226,4.3658246600976,-0.0143710894307368,4.42375637113405,4.42429172871213,-0.0016959773020389,0,-0.0009839893708948,-1,0,-1
51630,"Fredericksburg city","Virginia",-0.0171745048899113,4.387493315608,0,4.50771484983738,"2020-09-04",227,4.33448568990488,-0.0168661445800935,4.38996019808654,4.38965183777673,-0.0033387730372618,0,-0.0024950551493567,-1,0,-1
51630,"Fredericksburg city","Virginia",-0.0303780353591734,4.26469056696399,0,4.47733681447821,"2020-09-05",228,4.30983989269805,-0.0277330857302167,4.28585016399565,4.28320521436669,-0.0132035304692621,0,-0.0108669411501232,-1,0,-1
51630,"Fredericksburg city","Virginia",-0.0263173083173733,4.26679834793922,0,4.45101950616083,"2020-09-06",229,4.29045944114839,-0.0248210543327545,4.27876837981617,4.27727212583155,0.0040607270418001,0,0.0029120313974622,1,0,1
51630,"Fredericksburg city","Virginia",-0.0287424688656559,4.22107975523559,0,4.42227703729518,"2020-09-07",230,4.27069595202955,-0.026887449418995,4.23591991080887,4.23406489136221,-0.0024251605482826,0,-0.0020663950862405,-1,0,-1
51630,"Fredericksburg city","Virginia",-0.0190481949706972,4.2698914775296,0,4.40322884232448,"2020-09-08",231,4.25662536813261,-0.0183537246817675,4.27544723984104,4.27475276955211,0.0096942738949587,0,0.0085337247372275,1,0,1
51630,"Fredericksburg city","Virginia",-0.00877968765204311,4.33299134110814,0,4.39444915467244,"2020-09-09",232,4.26267987704132,-0.0102554618976531,4.32118514714326,4.32266092138887,0.0102685073186541,0,0.0080982627841144,1,0,1
51630,"Fredericksburg city","Virginia",-0.0286244945748359,4.16545319807375,0,4.3658246600976,"2020-09-10",233,4.27069595202955,-0.026057863381882,4.18598624761738,4.18341961642443,-0.0198448069227928,0,-0.0158024014842289,-1,0,-1
51630,"Fredericksburg city","Virginia",-0.0313389701927168,4.11511289855586,0,4.33448568990488,"2020-09-11",234,4.27468002104443,-0.0288756459725979,4.13481949231682,4.13235616809669,-0.0027144756178809,0,-0.0028177825907159,-1,0,-1
51630,"Fredericksburg city","Virginia",-0.0246457972068302,4.13731931225024,0,4.30983989269805,"2020-09-12",235,4.28457129852317,-0.0230608419150172,4.14999895458474,4.14841399929293,0.0066931729858866,0,0.0058148040575807,1,0,1
51630,"Fredericksburg city","Virginia",-0.0193804515496619,4.15479628030076,0,4.29045944114839,"2020-09-13",236,4.28260085453587,-0.0188641253428771,4.15892688995503,4.15841056374825,0.0052653456571683,0,0.0041967165721401,1,0,1
51630,"Fredericksburg city","Virginia",-0.0197634891188378,4.13235152819769,0,4.27069595202955,"2020-09-14",237,4.27666611901606,-0.0188319756330167,4.13980363608426,4.13887212259843,-0.0003830375691759,0,3.21497098604018e-05,-1,0,1
51630,"Fredericksburg city","Virginia",-0.0140705838969423,4.15813128085401,0,4.25662536813261,"2020-09-15",238,4.26869794936688,-0.0146132316641943,4.153790098716,4.15433274648325,0.0056929052218955,0,0.0042187439688224,1,0,1
51630,"Fredericksburg city","Virginia",0.00605450890870579,4.30506143940226,0.00605450890870607,4.30506143940226,"2020-09-16",239,4.22787595484662,0.0102082785565177,4.33829159658475,4.33413782693694,0.0201250928056481,0.00605450890870607,0.024821510220712,1,1,1
51630,"Fredericksburg city","Virginia",0.00801607498823742,4.32680847694721,0.00801607498823653,4.32680847694721,"2020-09-17",240,4.20469261939097,0.0107754300475079,4.34888331742138,4.34612396236211,0.00196156607953163,0.00196156607953046,0.0005671514909902,1,1,1
51630,"Fredericksburg city","Virginia",0.00398406901487611,4.30256850414856,0.00398406901487469,4.30256850414855,"2020-09-18",241,4.17218704898604,0.00704677125932337,4.32707012210414,4.32400741985969,-0.00403200597336131,-0.00403200597336184,-0.00372865878818453,-1,-1,-1
51630,"Fredericksburg city","Virginia",0.00989127747874259,4.35381024087437,0.00989127747874186,4.35381024087436,"2020-09-19",242,4.12943588203337,0.0113015658441562,4.36509254779768,4.36368225943226,0.00590720846386648,0.00590720846386717,0.00425479458483283,1,1,1
51630,"Fredericksburg city","Virginia",-0.00197044398729811,4.26880774662478,0,4.28260085453587,"2020-09-20",243,4.08957128346944,-0.00609922268061204,4.23577751707827,4.23990629577159,-0.0118617214660407,-0.00989127747874186,-0.0174007885247682,-1,-1,-1
51630,"Fredericksburg city","Virginia",-0.00593473551981309,4.23512297037736,0,4.27666611901606,"2020-09-21",244,NA,-0.00870515880586708,4.21295958408893,4.21573000737499,-0.00396429153251498,0,-0.00260593612525504,-1,0,-1
51630,"Fredericksburg city","Virginia",-0.0079681696491779,4.21292076182263,0,4.26869794936688,"2020-09-22",245,NA,-0.00921679891204267,4.20293172771972,4.20418035698258,-0.00203343412936481,0,-0.00051164010617559,-1,0,-1
51630,"Fredericksburg city","Virginia",-0.0408219945202524,3.94212199320486,0,4.22787595484662,"2020-09-23",246,NA,-0.0372525815390288,3.97067729705465,3.96710788407342,-0.0328538248710745,0,-0.0280357826269861,-1,0,-1
51630,"Fredericksburg city","Virginia",-0.0231833354556599,4.04240927120135,0,4.20469261939097,"2020-09-24",247,NA,-0.0215693759238959,4.05532094745545,4.0537069879237,0.0176386590645925,0,0.0156832056151329,1,0,1
51630,"Fredericksburg city","Virginia",-0.0325055704049305,3.94464805615152,0,4.17218704898604,"2020-09-25",248,NA,-0.0301049396353013,3.96385310230856,3.96145247153893,-0.0093222349492706,0,-0.0085355637114054,-1,0,-1
51630,"Fredericksburg city","Virginia",-0.0427511669526628,3.83017771336473,0,4.12943588203337,"2020-09-26",249,NA,NA,NA,NA,-0.0102455965477323,0,NA,-1,0,NA
51630,"Fredericksburg city","Virginia",-0.0398645985639302,3.81051909352193,0,4.08957128346944,"2020-09-27",250,NA,NA,NA,NA,0.0028865683887326,0,NA,1,0,NA
