"fips","county","state","r.lm","predicted.lm","r.slm","predicted.slm","date.y","days_from_start.y","log_rolled_cases.y","tau.hat","predicted.grf.future.0","predicted.grf.future.last","D.r.lm","D.r.slm","D.tau.hat","B.D.r.lm","B.D.r.slm","B.D.tau.hat"
13029,"Bryan","Georgia",0.0892311337279426,3.77857421486448,0.0892311337279428,3.77857421486448,"2020-04-17",87,3.35240721749272,0.10273750360207,3.8866251738575,3.87311880398337,NA,NA,NA,NA,NA,NA
13029,"Bryan","Georgia",0.0762833047496328,3.76422271676595,0.0762833047496323,3.76422271676594,"2020-04-18",88,3.34739467566918,0.081901479752152,3.8091681167861,3.80354994178358,-0.0129478289783098,-0.0129478289783105,-0.020836023849918,-1,-1,-1
13029,"Bryan","Georgia",0.0655972824858143,3.75501784340503,0.0655972824858129,3.75501784340502,"2020-04-19",89,3.3322045101752,0.072115964114646,3.80716729643569,3.80064861480685,-0.0106860222638185,-0.0106860222638194,-0.009785515637506,-1,-1,-1
13029,"Bryan","Georgia",0.0312525435041066,3.54585721403718,0.031252543504106,3.54585721403718,"2020-04-20",90,3.31678003984957,0.0432638025845673,3.64194728668087,3.62993602760041,-0.0343447389817077,-0.0343447389817069,-0.0288521615300787,-1,-1,-1
13029,"Bryan","Georgia",0.0203052661607433,3.48953153879438,0.0203052661607428,3.48953153879438,"2020-04-21",91,3.30111392310517,0.0340021163952813,3.59910634067069,3.58540949043615,-0.0109472773433633,-0.0109472773433632,-0.009261686189286,-1,-1,-1
13029,"Bryan","Georgia",0.0149628726767152,3.4670976570829,0.014962872676715,3.4670976570829,"2020-04-22",92,3.31158522297247,0.0301043168691078,3.58822921062204,3.57308776642964,-0.0053423934840281,-0.0053423934840278,-0.0038977995261735,-1,-1,-1
13029,"Bryan","Georgia",-0.00496278934213098,3.32265523360884,0,3.35739475900376,"2020-04-23",93,3.34739467566918,0.0361329805292747,3.65142139258009,3.61032562270868,-0.0199256620188462,-0.014962872676715,0.0060286636601669,-1,-1,1
13029,"Bryan","Georgia",-0.00498754151103666,3.31749442691547,0,3.35240721749272,"2020-04-24",94,3.38680864421006,0.0291669711988116,3.59073052859425,3.5565760158844,-2.47521689056797e-05,0,-0.0069660093304631,-1,0,-1
13029,"Bryan","Georgia",-0.00501254182354725,3.31230688290435,0,3.34739467566918,"2020-04-25",95,3.4106761256167,0.0191349823045529,3.50548707592914,3.48133955180105,-2.50003125105902e-05,0,-0.0100319888942587,-1,0,-1
13029,"Bryan","Georgia",-0.0151901654939741,3.22587335171738,0,3.3322045101752,"2020-04-26",96,3.43858491373377,0.0143078402778988,3.46185739789237,3.43235939212049,-0.0101776236704268,0,-0.0048271420266541,-1,0,-1
13029,"Bryan","Georgia",-0.0154244703256308,3.20880874757016,0,3.31678003984957,"2020-04-27",97,3.45676723281697,0.00506102610498639,3.37269271901509,3.35220722258447,-0.0002343048316567,0,-0.00924681417291241,-1,0,-1
13029,"Bryan","Georgia",-0.0156661167444013,3.19145110589436,0,3.30111392310517,"2020-04-28",98,3.45225255246244,-0.00134534764647091,3.3060172586778,3.29169648957987,-0.000241646418770499,0,-0.0064063737514573,-1,0,-1
13029,"Bryan","Georgia",0.0104712998672956,3.38488432204354,0.0104712998672958,3.38488432204354,"2020-04-29",99,3.42936825862885,0.017232079428197,3.43897055853075,3.43220977896985,0.0261374166116969,0.0104712998672958,0.0185774270746679,1,1,1
13029,"Bryan","Georgia",0.03580945269671,3.59806084454615,0.0358094526967108,3.59806084454615,"2020-04-30",100,3.3964241029095,0.0329368216546511,3.57507979620968,3.57795242725174,0.0253381528294144,0.025338152829415,0.0157047422264541,1,1,1
13029,"Bryan","Georgia",0.0394139685408775,3.6627064239962,0.0394139685408788,3.66270642399621,"2020-05-01",101,3.34739467566918,0.035819944095901,3.63395422843639,3.63754825288137,0.0036045158441675,0.003604515844168,0.0028831224412499,1,1,1
13029,"Bryan","Georgia",0.0238674814066438,3.57774849546321,0.0238674814066431,3.5777484954632,"2020-05-02",102,3.31158522297247,0.0242469592055135,3.58078431785417,3.58040484005529,-0.0155464871342337,-0.0155464871342357,-0.0115729848903875,-1,-1,-1
13029,"Bryan","Georgia",0.0279087881170753,3.6339464305533,0.0279087881170748,3.6339464305533,"2020-05-03",103,3.27983652465789,0.0275241441135164,3.63086927852483,3.63125392252838,0.0040413067104315,0.0040413067104317,0.0032771849080029,1,1,1
13029,"Bryan","Georgia",0.0181823190831915,3.58404346639931,0.0181823190831913,3.58404346639931,"2020-05-04",104,3.25258688221051,0.0205051317762373,3.60262596794367,3.60030315525063,-0.0097264690338838,-0.0097264690338835,-0.0070190123372791,-1,-1,-1
13029,"Bryan","Georgia",-0.00451468035452651,3.42064978998075,0,3.45225255246244,"2020-05-05",105,3.25258688221051,-0.00912951130328087,3.38373114239072,3.38834597333947,-0.022696999437718,-0.0181823190831913,-0.0296346430795182,-1,-1,-1
13029,"Bryan","Georgia",-0.022884293833586,3.26917820179375,0,3.42936825862885,"2020-05-06",106,3.26357600378611,-0.0204599868998539,3.28857265726361,3.28614835032987,-0.0183696134790595,0,-0.011330475596573,-1,0,-1
13029,"Bryan","Georgia",-0.0329441557193549,3.16581501287402,0,3.3964241029095,"2020-05-07",107,3.26357600378611,-0.0296310060046967,3.19232021059128,3.18900706087662,-0.0100598618857689,0,-0.0091710191048428,-1,0,-1
13029,"Bryan","Georgia",-0.0490294272403217,3.00418868498693,0,3.34739467566918,"2020-05-08",108,3.27983652465789,-0.0400546065093615,3.07598725083461,3.06701243010365,-0.0160852715209668,0,-0.0104236005046648,-1,0,-1
13029,"Bryan","Georgia",-0.0358094526967081,3.06091905409551,0,3.31158522297247,"2020-05-09",109,3.29583686600433,-0.0334448000524541,3.07983627524955,3.07747162260529,0.0132199745436136,0,0.0066098064569074,1,0,1
13029,"Bryan","Georgia",-0.0317486983145785,3.05759563645584,0,3.27983652465789,"2020-05-10",110,3.30636327899132,-0.0283704200328735,3.08462186270948,3.08124358442778,0.0040607543821296,0,0.0050743800195806,1,0,1
13029,"Bryan","Georgia",-0.0272496424473738,3.0618393850789,0,3.25258688221051,"2020-05-11",111,3.31158522297247,-0.0253788479164922,3.07680574132595,3.07493494679506,0.0044990558672047,0,0.0029915721163813,1,0,1
13029,"Bryan","Georgia",0,3.25258688221051,0,3.25258688221051,"2020-05-12",112,3.31678003984957,-0.0153897886532912,3.12946857298418,3.14485836163747,0.0272496424473738,0,0.009989059263201,1,0,1
13029,"Bryan","Georgia",0.0109891215755922,3.34049985481525,0.0109891215755922,3.34049985481525,"2020-05-13",113,3.31678003984957,0.0105668606952168,3.33712176777224,3.33754402865263,0.0109891215755922,0.0109891215755922,0.025956649348508,1,1,1
13029,"Bryan","Georgia",6.2803698347348e-16,3.26357600378611,0,3.26357600378611,"2020-05-14",114,3.30111392310517,0.00501228186968535,3.30367425874359,3.29866197687391,-0.0109891215755916,-0.0109891215755922,-0.00555457882553145,-1,-1,-1
13029,"Bryan","Georgia",0.0162605208717835,3.39366017076037,0.016260520871783,3.39366017076037,"2020-05-15",115,3.24147565678544,0.0123967410745525,3.36274993238253,3.36661371217976,0.0162605208717829,0.016260520871783,0.00738445920486715,1,1,1
13029,"Bryan","Georgia",0.0160003413464391,3.4078392554294,0.01600034134644,3.40783925542941,"2020-05-16",116,3.16003532484527,0.0117968053826609,3.37421096771918,3.37841450368296,-0.000260179525344399,-0.000260179525343001,-0.000599935691891601,-1,-1,-1
13029,"Bryan","Georgia",0.010526412986988,3.38004816990023,0.0105264129869878,3.38004816990023,"2020-05-17",117,3.07136968775961,0.0111162995001895,3.38476726200585,3.38417737549265,-0.0054739283594511,-0.0054739283594522,-0.000680505882471399,-1,-1,-1
13029,"Bryan","Georgia",0.00522194398114965,3.34813883084051,0.00522194398115028,3.34813883084052,"2020-05-18",118,3.00991690854595,0.00641576199877499,3.35768937498152,3.35649555696389,-0.00530446900583835,-0.00530446900583752,-0.00470053750141451,-1,-1,-1
13029,"Bryan","Georgia",0.0988458346366286,3.88180913045135,0.098845834636633,3.88180913045138,"2020-07-01",162,3.72741311811618,0.0878413321289264,3.79377311038973,3.80477761289744,0.093623890655479,0.0936238906554827,0.0814255701301514,1,1,1
13029,"Bryan","Georgia",0.0899482366629419,3.90947418129848,0.0899482366629401,3.90947418129847,"2020-07-02",163,3.82241084673846,0.0856924659187981,3.87542801534534,3.87968378608948,-0.00889759797368671,-0.0088975979736929,-0.0021488662101283,-1,-1,-1
13029,"Bryan","Georgia",0.0874593053285845,3.97951096728657,0.087459305328585,3.97951096728657,"2020-07-03",164,3.90341463089155,0.0847396246100216,3.95775352153806,3.96047320225662,-0.0024889313343574,-0.00248893133435511,-0.0009528413087765,-1,-1,-1
13029,"Bryan","Georgia",0.0894714028304942,4.08306705263043,0.0894714028304917,4.08306705263041,"2020-07-04",165,4.01509519056796,0.0844208468998134,4.04266260518498,4.04771316111566,0.00201209750190971,0.0020120975019067,-0.000318777710208204,1,1,-1
13029,"Bryan","Georgia",0.0779615414697119,4.08045956457466,0.0779615414697123,4.08045956457466,"2020-07-05",166,4.11787505963229,0.0803548503994609,4.09960603601266,4.09721272708291,-0.0115098613607823,-0.0115098613607794,-0.0040659965003525,-1,-1,-1
13029,"Bryan","Georgia",0.052750565385528,3.9567332973709,0.0527505653855278,3.9567332973709,"2020-07-06",167,4.22160634183303,0.0551164310648467,3.97566022280545,3.97329435712614,-0.0252109760841839,-0.0252109760841845,-0.0252384193346142,-1,-1,-1
13029,"Bryan","Georgia",0.0650324702708564,4.10773910183906,0.065032470270856,4.10773910183905,"2020-07-07",168,4.31175743882733,0.0665842165639026,4.12015307218343,4.11860132589038,0.0122819048853284,0.0122819048853282,0.0114677854990559,1,1,1
13029,"Bryan","Georgia",0.0749013081731165,4.251722275328,0.0749013081731178,4.251722275328,"2020-07-08",169,4.4188406077966,0.0748745736717975,4.25150839931744,4.25153513381876,0.00986883790226009,0.0098688379022618,0.0082903571078949,1,1,1
13029,"Bryan","Georgia",0.0949977286222815,4.48739494709443,0.0949977286222787,4.48739494709441,"2020-07-09",170,4.51399430532222,0.0870676826717179,4.42395457948992,4.43188462544049,0.020096420449165,0.0200964204491609,0.0121931089999204,1,1,1
13029,"Bryan","Georgia",0.0810037841530844,4.47044111996314,0.0810037841530877,4.47044111996316,"2020-07-10",171,4.62637239363869,0.0799615042200951,4.46210288049922,4.46314516043221,-0.0139939444691971,-0.013993944469191,-0.0071061784516228,-1,-1,-1
13029,"Bryan","Georgia",0.111680559676416,4.79685910830287,0.111680559676413,4.79685910830285,"2020-07-11",172,4.71849887129509,0.100196880885682,4.70498967797701,4.71647335676774,0.0306767755233316,0.0306767755233253,0.0202353766655869,1,1,1
13029,"Bryan","Georgia",0.10277986906433,4.83733414308261,0.102779869064335,4.83733414308264,"2020-07-12",173,4.81566261974874,0.0985579625210098,4.80355889073604,4.80778079727936,-0.00890069061208601,-0.00890069061207799,-0.0016389183646722,-1,-1,-1
13029,"Bryan","Georgia",0.103731282200733,4.94772531723816,0.103731282200733,4.94772531723816,"2020-07-13",174,4.90949864955462,0.0998159800481846,4.91640290001777,4.92031820217032,0.000951413136402998,0.000951413136397988,0.00125801752717479,1,1,1
13029,"Bryan","Georgia",0.0901510969942998,4.94281511778742,0.0901510969942985,4.94281511778741,"2020-07-14",175,4.99527990601306,0.085549857999573,4.90600520582961,4.91060644482434,-0.0135801852064332,-0.0135801852064345,-0.0142661220486116,-1,-1,-1
13029,"Bryan","Georgia",0.107083168969271,5.1684227905815,0.107083168969273,5.16842279058151,"2020-07-15",176,5.06980227143192,0.0992063155662352,5.10540796335721,5.11328481676025,0.0169320719749712,0.0169320719749745,0.0136564575666622,1,1,1
13029,"Bryan","Georgia",0.0951536975256266,5.18007018800161,0.0951536975256237,5.18007018800159,"2020-07-16",177,5.14499967302467,0.0892239340505956,5.13263208020136,5.13856184367639,-0.0119294714436444,-0.0119294714436493,-0.0099823815156396,-1,-1,-1
13029,"Bryan","Georgia",0.112378088316469,5.41301901185398,0.112378088316471,5.41301901185399,"2020-07-17",178,5.20792365252353,0.0993632831912382,5.30890057085213,5.32191537597736,0.0172243907908424,0.0172243907908473,0.0101393491406426,1,1,1
13029,"Bryan","Georgia",0.0921264776564013,5.3633842148899,0.092126477656401,5.3633842148899,"2020-07-18",179,5.26712151077956,0.0895202545194317,5.34253442979414,5.34514065293111,-0.0202516106600677,-0.02025161066007,-0.0098430286718065,-1,-1,-1
13029,"Bryan","Georgia",0.0971637484536492,5.49580885892428,0.0971637484536449,5.49580885892425,"2020-07-19",180,5.32856940971856,0.0928128926401144,5.461002012416,5.46535286822954,0.00503727079724789,0.00503727079724389,0.0032926381206827,1,1,1
13029,"Bryan","Georgia",0.0938360298058845,5.56635085819581,0.0938360298058791,5.56635085819577,"2020-07-20",181,5.38515015616332,0.0896653587157722,5.53298548947492,5.53715616056503,-0.0033277186477647,-0.00332771864776579,-0.00314753392434219,-1,-1,-1
13029,"Bryan","Georgia",0.0857812564584413,5.59574870122215,0.0857812564584446,5.59574870122217,"2020-07-21",182,5.44118008660145,0.0832004614202699,5.57510234091678,5.57768313595495,-0.0080547733474432,-0.0080547733474345,-0.0064648972955023,-1,-1,-1
13029,"Bryan","Georgia",0.0745223654188503,5.59145882936387,0.0745223654188525,5.59145882936388,"2020-07-22",183,5.48716519984327,0.073616600194552,5.58421270756948,5.58511847279378,-0.011258891039591,-0.0112588910395921,-0.0095838612257179,-1,-1,-1
13029,"Bryan","Georgia",0.0751974015927586,5.67138148417398,0.0751974015927575,5.67138148417397,"2020-07-23",184,5.53338948872752,0.0714679128780704,5.64154557445648,5.64527506317116,0.000675036173908308,0.000675036173905005,-0.0021486873164816,1,1,-1
13029,"Bryan","Georgia",0.0629239794988608,5.64839150901556,0.0629239794988585,5.64839150901554,"2020-07-24",185,5.57594910314632,0.0623612390158121,5.64388958515117,5.64445232563421,-0.0122734220938978,-0.012273422093899,-0.0091066738622583,-1,-1,-1
13029,"Bryan","Georgia",0.0591978582560258,5.68150651857174,0.0591978582560255,5.68150651857174,"2020-07-25",186,5.62195245640857,0.057890890639456,5.67105077763918,5.67235774525575,-0.00372612124283501,-0.003726121242833,-0.0044703483763561,-1,-1,-1
13029,"Bryan","Georgia",0.0614478989390019,5.75870470229157,0.0614478989389999,5.75870470229156,"2020-07-26",187,5.65098428908923,0.0611977995424014,5.75670390711877,5.75695400651537,0.0022500406829761,0.0022500406829744,0.0033069089029454,1,1,1
13029,"Bryan","Georgia",0.0565807464447628,5.78121538127666,0.0565807464447614,5.78121538127665,"2020-07-27",188,5.67724291942159,0.0542374550798069,5.76246905035702,5.76481234172197,-0.0048671524942391,-0.0048671524942385,-0.0069603444625945,-1,-1,-1
13029,"Bryan","Georgia",0.0560299304381266,5.83338959966833,0.0560299304381271,5.83338959966833,"2020-07-28",189,5.69853061250125,0.0558536235197403,5.83197914432124,5.83215545123963,-0.000550816006636194,-0.0005508160066343,0.0016161684399334,-1,-1,1
13029,"Bryan","Georgia",0.0459851132418258,5.80906099253605,0.0459851132418239,5.80906099253604,"2020-07-29",190,5.72124810626383,0.0450366839301438,5.8014735580426,5.80242198735428,-0.0100448171963008,-0.0100448171963032,-0.0108169395895965,-1,-1,-1
13029,"Bryan","Georgia",0.0462242888842517,5.85695951091728,0.0462242888842512,5.85695951091728,"2020-07-30",191,5.73565021350422,0.0465427562895626,5.85950725015977,5.85918878275446,0.000239175642425905,0.0002391756424273,0.0015060723594188,1,1,1
13029,"Bryan","Georgia",0.0425596144187966,5.87386640407789,0.0425596144187956,5.87386640407789,"2020-07-31",192,5.74757149177986,0.0407543212063375,5.85942405837822,5.86122935159068,-0.0036646744654551,-0.0036646744654556,-0.0057884350832251,-1,-1,-1
13029,"Bryan","Georgia",0.0460033532622516,5.94397592924433,0.0460033532622512,5.94397592924433,"2020-08-01",193,5.74848265357411,0.044667182894052,5.93328656629874,5.93462273666693,0.003443738843455,0.0034437388434556,0.0039128616877145,1,1,1
13029,"Bryan","Georgia",0.0290318326806674,5.8542071178539,0.0290318326806647,5.85420711785388,"2020-08-02",194,5.75030249029109,0.0291379023858011,5.85505567549498,5.85494960578984,-0.0169715205815842,-0.0169715205815865,-0.0155292805082509,-1,-1,-1
13029,"Bryan","Georgia",0.0262586303323547,5.86105333174807,0.0262586303323564,5.86105333174808,"2020-08-03",195,5.75121116822731,0.0258572992684579,5.85784268323689,5.8582440143008,-0.0027732023483127,-0.0027732023483083,-0.0032806031173432,-1,-1,-1
13029,"Bryan","Georgia",0.0212876930796636,5.8475444640589,0.0212876930796631,5.84754446405889,"2020-08-04",196,5.75166519774703,0.0220256202448898,5.85344788138071,5.85270995421548,-0.0049709372526911,-0.0049709372526933,-0.0038316790235681,-1,-1,-1
13029,"Bryan","Georgia",0.0227174937625833,5.88027056260192,0.022717493762582,5.88027056260191,"2020-08-05",197,5.75347925720142,0.0224202983504761,5.87789299930506,5.87819019471716,0.0014298006829197,0.0014298006829189,0.000394678105586303,1,1,1
13029,"Bryan","Georgia",0.0144021072403909,5.83646496418696,0.0144021072403913,5.83646496418696,"2020-08-06",198,5.7489379233293,0.0159340735900976,5.84872069498461,5.8471887286349,-0.0083153865221924,-0.0083153865221907,-0.0064862247603785,-1,-1,-1
13029,"Bryan","Georgia",0.0119212782756377,5.83102043970932,0.0119212782756364,5.83102043970932,"2020-08-07",199,5.74802717645396,0.014409520108362,5.85092637437112,5.84843813253839,-0.0024808289647532,-0.0024808289647549,-0.0015245534817356,-1,-1,-1
13029,"Bryan","Georgia",0.000911161794248457,5.75486078613385,0.000911161794247661,5.75486078613384,"2020-08-08",200,5.75121116822731,0.00943346150531864,5.82303918382241,5.81451688411134,-0.0110101164813892,-0.0110101164813887,-0.00497605860304336,-1,-1,-1
13029,"Bryan","Georgia",0.00181983671698425,5.76304134730998,0.00181983671698394,5.76304134730998,"2020-08-09",201,5.75438505436481,0.00948555165012349,5.8243670667751,5.81670135184195,0.000908674922735793,0.000908674922736279,5.20901448048498e-05,1,1,1
13029,"Bryan","Georgia",0.00090867793622035,5.75757191378086,0.000908677936220847,5.75757191378086,"2020-08-10",202,5.74848265357411,0.00715044030537785,5.80750601273411,5.80126425036496,-0.0009111587807639,-0.000911158780763093,-0.00233511134474564,-1,-1,-1
13029,"Bryan","Georgia",0.000454029519715502,5.75484340438504,0.000454029519716848,5.75484340438505,"2020-08-11",203,5.74528994846755,0.00661040166241139,5.8040943815266,5.79793800938391,-0.000454648416504848,-0.000454648416503999,-0.00054003864296646,-1,-1,-1
13029,"Bryan","Georgia",0.00181405945439182,5.76617767338217,0.00181405945439206,5.76617767338217,"2020-08-12",204,5.74071118588931,0.00791908568956752,5.81501788326357,5.80891285702839,0.00136002993467632,0.00136002993467521,0.00130868402715613,1,1,1
13029,"Bryan","Georgia",-0.00454133387212583,5.71714858622442,0,5.7489379233293,"2020-08-13",205,5.73933345892052,-0.00655986814091336,5.70100031207411,5.70301884634291,-0.00635539332651765,-0.00181405945439206,-0.0144789538304809,-1,-1,-1
13029,"Bryan","Georgia",-0.000910746875337541,5.7416519483266,0,5.74802717645396,"2020-08-14",206,5.72870734830905,-0.00497792921776035,5.70911448958722,5.71318167192964,0.00363058699678829,0,0.00158193892315301,1,0,1
13029,"Bryan","Georgia",0.00318399177335451,5.7734991106408,0.00318399177335404,5.77349911064079,"2020-08-15",207,5.71373280550937,0.00720063518885364,5.80563225796479,5.80161561454929,0.00409473864869205,0.00318399177335404,0.012178564406614,1,1,1
13029,"Bryan","Georgia",0.00317388613749214,5.77660225732725,0.0031738861374917,5.77660225732725,"2020-08-16",208,5.6927696748208,0.00697400909425183,5.80700324098132,5.80320311802457,-1.010563586237e-05,-1.01056358623396e-05,-0.00022662609460181,-1,-1,-1
13029,"Bryan","Georgia",-0.00590240079069661,5.70716584803923,0,5.74848265357411,"2020-08-17",209,5.68066005723535,-0.00806254227410786,5.68988471617195,5.69204485765535,-0.00907628692818875,-0.0031738861374917,-0.0150365513683597,-1,-1,-1
13029,"Bryan","Georgia",-0.00319270510655709,5.72294101272165,0,5.74528994846755,"2020-08-18",210,5.66543756834831,-0.00544226439940278,5.70494453837889,5.70719409767173,0.00270969568413952,0,0.00262027787470508,1,0,1
13029,"Bryan","Georgia",-0.0045787625782455,5.70865984784159,0,5.74071118588931,"2020-08-19",211,5.64746404406598,-0.00572189476990275,5.69951479030833,5.70065792249999,-0.00138605747168841,0,-0.00027963037049997,-1,0,-1
13029,"Bryan","Georgia",-0.00137772696878363,5.72968937013904,0,5.73933345892052,"2020-08-20",212,5.63172368354741,-0.00390016690332037,5.70950985066275,5.71203229059728,0.00320103560946187,0,0.00182172786658238,1,0,1
13029,"Bryan","Georgia",-0.0106261106114711,5.65432457402875,0,5.72870734830905,"2020-08-21",213,5.61104042295758,-0.00957335675573298,5.66274660487466,5.66169385101892,-0.00924838364268747,0,-0.00567318985241261,-1,0,-1
13029,"Bryan","Georgia",-0.0149745427996801,5.60891100591161,0,5.71373280550937,"2020-08-22",214,5.59205251071289,-0.0139016794093322,5.61749391303439,5.61642104964404,-0.004348432188209,0,-0.00432832265359922,-1,0,-1
13029,"Bryan","Georgia",-0.0209631306885669,5.54602776000083,0,5.6927696748208,"2020-08-23",215,5.57540783114393,-0.0168999617670242,5.57853311137318,5.57446994245163,-0.0059885878888868,0,-0.002998282357692,-1,0,-1
13029,"Bryan","Georgia",-0.0121096175854526,5.59589273413718,0,5.68066005723535,"2020-08-24",216,5.55848141010592,-0.0112785206446485,5.60254150966361,5.60171041272281,0.0088535131031143,0,0.0056214411223757,1,0,1
13029,"Bryan","Georgia",-0.0152224888870375,5.55888014613905,0,5.66543756834831,"2020-08-25",217,5.5356455528542,-0.0152555042114293,5.55861602354392,5.5586490388683,-0.0031128713015849,0,-0.0039769835667808,-1,0,-1
13029,"Bryan","Georgia",-0.0179735242823311,5.52164937408966,0,5.64746404406598,"2020-08-26",218,5.50880980030869,-0.0162792904079848,5.53520324508443,5.53350901121009,-0.0027510353952936,0,-0.0010237861965555,-1,0,-1
13029,"Bryan","Georgia",-0.0157403605185641,5.52154115991747,0,5.63172368354741,"2020-08-27",219,5.47825513198671,-0.0137803363471515,5.53722135328877,5.53526132911735,0.002233163763767,0,0.0024989540608333,1,0,1
13029,"Bryan","Georgia",-0.0206832605898321,5.46625759882876,0,5.61104042295758,"2020-08-28",220,5.46383180502561,-0.0177920586049198,5.48938721470805,5.48649601272314,-0.004942900071268,0,-0.0040117222577683,-1,0,-1
13029,"Bryan","Georgia",-0.0189879122446887,5.45913712500007,0,5.59205251071289,"2020-08-29",221,5.43559174545139,-0.0174194786835438,5.47168459348923,5.47011615992808,0.0016953483451434,0,0.000372579921376001,1,0,1
13029,"Bryan","Georgia",-0.0166446795689641,5.45889507416118,0,5.57540783114393,"2020-08-30",222,5.41292074928704,-0.0145388047881591,5.47574207240762,5.47363619762682,0.0023432326757246,0,0.0028806738953847,1,0,1
13029,"Bryan","Georgia",-0.0169264210380047,5.43999646283989,0,5.55848141010592,"2020-08-31",223,5.38580482067115,-0.0157142544950069,5.44969379518388,5.44848162864087,-0.0002817414690406,0,-0.0011754497068478,-1,0,-1
13029,"Bryan","Georgia",-0.0228358572517172,5.37579455209218,0,5.5356455528542,"2020-09-01",224,5.36731023803499,-0.0209977425854892,5.39049946942201,5.38866135475578,-0.0059094362137125,0,-0.0052834880904823,-1,0,-1
13029,"Bryan","Georgia",-0.0268357525455177,5.32095953249006,0,5.50880980030869,"2020-09-02",225,5.34438273339128,-0.0237679340427818,5.34550208051195,5.34243426200922,-0.0039998952938005,0,-0.0027701914572926,-1,0,-1
13029,"Bryan","Georgia",-0.0305546683219758,5.26437245373288,0,5.47825513198671,"2020-09-03",226,5.32161527877286,-0.0274283352828598,5.28938311804581,5.28625678500669,-0.0037189157764581,0,-0.003660401240078,-1,0,-1
13029,"Bryan","Georgia",-0.0144233269611018,5.3628685162979,0,5.46383180502561,"2020-09-04",227,5.29186804286813,-0.0153968059139085,5.35508068467544,5.35605416362825,0.016131341360874,0,0.0120315293689513,1,0,1
13029,"Bryan","Georgia",-0.0282400595742177,5.23791132843187,0,5.43559174545139,"2020-09-05",228,5.27299955856375,-0.0247598172532623,5.26575326699951,5.26227302467855,-0.0138167326131159,0,-0.0093630113393538,-1,0,-1
13029,"Bryan","Georgia",-0.022670996164355,5.25422377613655,0,5.41292074928704,"2020-09-06",229,5.25526073422637,-0.0209529422746402,5.26796820725427,5.26625015336456,0.0055690634098627,0,0.0038068749786221,1,0,1
13029,"Bryan","Georgia",-0.0271159286158903,5.19599332035992,0,5.38580482067115,"2020-09-07",230,5.24174701505964,-0.0255376203357057,5.20861978660139,5.20704147832121,-0.0044449324515353,0,-0.0045846780610655,-1,0,-1
13029,"Bryan","Georgia",-0.0184945826361641,5.23784815958184,0,5.36731023803499,"2020-09-08",231,5.22497832945719,-0.0183962497264644,5.23863482285944,5.23853648994974,0.0086213459797262,0,0.0071413706092413,1,0,1
13029,"Bryan","Georgia",-0.022927504643703,5.18389020088536,0,5.34438273339128,"2020-09-09",232,5.23492104998924,-0.0226072403207983,5.1864523154686,5.18613205114569,-0.0044329220075389,0,-0.0042109905943339,-1,0,-1
13029,"Bryan","Georgia",-0.0227674546184216,5.16224309644391,0,5.32161527877286,"2020-09-10",233,5.24852670204502,-0.0214447564143683,5.17282468207633,5.17150198387228,0.000160050025281397,0,0.00116248390643,1,0,1
13029,"Bryan","Georgia",-0.0297472359047274,5.08363739153504,0,5.29186804286813,"2020-09-11",234,5.25749537202778,-0.0277994061981758,5.09922002918745,5.0972721994809,-0.0069797812863058,0,-0.0063546497838075,-1,0,-1
13029,"Bryan","Georgia",-0.0188684843043832,5.14092016843306,0,5.27299955856375,"2020-09-12",235,5.27373189107542,-0.019906915441786,5.13261271933384,5.13365115047125,0.0108787516003442,0,0.0078924907563898,1,0,1
13029,"Bryan","Georgia",-0.017738824337382,5.13108896386469,0,5.25526073422637,"2020-09-13",236,5.28970899201143,-0.0196803579560744,5.11555669491515,5.11749822853385,0.0011296599670012,0,0.000226557485711602,1,0,1
13029,"Bryan","Georgia",-0.0135137191667247,5.14715098089257,0,5.24174701505964,"2020-09-14",237,5.30756023362922,-0.0165193151677667,5.12310621288424,5.12611180888527,0.0042251051706573,0,0.0031610427883077,1,0,1
13029,"Bryan","Georgia",-0.01676868560245,5.10759753024004,0,5.22497832945719,"2020-09-15",238,5.32995445149122,-0.0183723810773224,5.09476796644106,5.09637166191593,-0.0032549664357253,0,-0.0018530659095557,-1,0,-1
13029,"Bryan","Georgia",0.00994272053205113,5.3045200937136,0.00994272053205147,5.3045200937136,"2020-09-16",239,5.33616350903815,0.00845181491942093,5.29259284881256,5.29408375442519,0.0267114061345011,0.00994272053205147,0.0268241959967433,1,1,1
13029,"Bryan","Georgia",0.0136056520557746,5.34376626643544,0.0136056520557757,5.34376626643545,"2020-09-17",240,5.35523765680072,0.00951571657992391,5.31104678262863,5.31513671810449,0.00366293152372347,0.00366293152372423,0.00106390166050298,1,1,1
13029,"Bryan","Georgia",0.00896866998276251,5.32027606190712,0.00896866998276202,5.32027606190712,"2020-09-18",241,5.36930824069766,0.00738248486928199,5.30758658099928,5.30917276611275,-0.00463698207301209,-0.00463698207301368,-0.00213323171064192,-1,-1,-1
13029,"Bryan","Georgia",0.0162365190476385,5.38738752440889,0.0162365190476397,5.3873875244089,"2020-09-19",242,5.37593956473304,0.0118802611229118,5.35253746101107,5.3568937189358,0.00726784906487599,0.00726784906487768,0.00449777625362981,1,1,1
13029,"Bryan","Georgia",0.0159771009360131,5.40154869856353,0.0159771009360137,5.40154869856353,"2020-09-20",243,5.38515015616332,0.0119941564176113,5.36968514241631,5.37366808693471,-0.000259418111625397,-0.000259418111625997,0.0001138952946995,-1,-1,1
13029,"Bryan","Georgia",0.01785124161778,5.43251892495367,0.0178512416177803,5.43251892495368,"2020-09-21",244,5.38841920124522,0.0133171506408933,5.39624619713858,5.40078028811547,0.0018741406817669,0.0018741406817666,0.001322994223282,1,1,1
13029,"Bryan","Georgia",0.0223942178620018,5.48671397652523,0.0223942178620016,5.48671397652523,"2020-09-22",245,5.40717177146012,0.0171830115127495,5.44502432573122,5.45023553208047,0.0045429762442218,0.0045429762442213,0.0038658608718562,1,1,1
13029,"Bryan","Georgia",0.00620905754693596,5.3796269118667,0.00620905754693624,5.37962691186671,"2020-09-23",246,5.4349688865088,0.00537852755809096,5.37298267195595,5.37381320194479,-0.0161851603150658,-0.0161851603150654,-0.0118044839546585,-1,-1,-1
13029,"Bryan","Georgia",0.0190741477625673,5.48875669113869,0.0190741477625673,5.48875669113869,"2020-09-24",247,5.45409936810738,0.0165279220578937,5.4683868855013,5.47093311120598,0.0128650902156313,0.0128650902156311,0.0111493944998027,1,1,1
13029,"Bryan","Georgia",0.0140705838969423,5.46780232797626,0.0140705838969426,5.46780232797626,"2020-09-25",248,5.47466875635549,0.0109868981014242,5.44313284161211,5.44621652740763,-0.005003563865625,-0.0050035638656247,-0.0055410239564695,-1,-1,-1
13029,"Bryan","Georgia",0.00663132403538162,5.42235883298071,0.00663132403537947,5.4223588329807,"2020-09-26",249,5.49775353406028,0.00683641055005421,5.42399952509809,5.42379443858342,-0.00743925986156068,-0.00743925986156313,-0.00415048755136999,-1,-1,-1
13029,"Bryan","Georgia",0.00921059143027647,5.44962429617525,0.00921059143027581,5.44962429617525,"2020-09-27",250,5.51573024315326,0.00919468871747381,5.44949707447283,5.44951297718564,0.00257926739489485,0.00257926739489634,0.0023582781674196,1,1,1
13029,"Bryan","Georgia",0.00326904508190654,5.41130251681857,0.00326904508190573,5.41130251681856,"2020-09-28",251,5.53112832326438,0.00497471459355322,5.42494787291175,5.42324220340009,-0.00594154634836993,-0.00594154634837008,-0.00421997412392059,-1,-1,-1
13029,"Bryan","Georgia",0.0187525702148947,5.53843976296438,0.018752570214895,5.53843976296438,"2020-09-29",252,5.52829465744081,0.0152186225521704,5.51016818166258,5.51370212932531,0.0154835251329882,0.0154835251329893,0.0102439079586172,1,1,1
13029,"Bryan","Georgia",0.027797115048682,5.62954869184958,0.0277971150486831,5.62954869184958,"2020-09-30",253,5.51169914066029,0.0197303230946378,5.56501435621722,5.57308114817126,0.0090445448337873,0.0090445448337881,0.0045117005424674,1,1,1
13029,"Bryan","Georgia",0.019130481598578,5.58801273929743,0.0191304815985784,5.58801273929743,"2020-10-01",254,5.47466875635549,0.0145878249419709,5.55167148604457,5.55621414270118,-0.008666633450104,-0.0086666334501047,-0.0051424981526669,-1,-1,-1
13029,"Bryan","Georgia",0.0205693882481101,5.61865447409226,0.0205693882481093,5.61865447409225,"2020-10-02",255,5.4380793089232,0.0156896618640453,5.57961666301974,5.58449638940381,0.0014389066495321,0.0014389066495309,0.0011018369220744,1,1,1
13029,"Bryan","Georgia",0.0230847777047879,5.65934697799379,0.0230847777047876,5.65934697799379,"2020-10-03",256,5.40203367409337,0.0193084058203185,5.62913600291804,5.63291237480251,0.0025153894566778,0.0025153894566783,0.0036187439562732,1,1,1
13029,"Bryan","Georgia",0.0179767090929871,5.64156720680417,0.0179767090929861,5.64156720680417,"2020-10-04",257,5.36864268326877,0.0150662620840622,5.61828363073278,5.62119407774169,-0.0051080686118008,-0.0051080686118015,-0.0042421437362563,-1,-1,-1
13029,"Bryan","Georgia",0.0153980801111169,5.6389148840422,0.015398080111118,5.63891488404221,"2020-10-05",258,5.35658627467201,0.0139268247332766,5.62714484101947,5.62861609639732,-0.0025786289818702,-0.0025786289818681,-0.0011394373507856,-1,-1,-1
13029,"Bryan","Georgia",-0.00283366582356964,5.50845899667583,0,5.52829465744081,"2020-10-06",259,5.34574606011915,-0.00872764019500988,5.4613072017043,5.46720117607574,-0.0182317459346865,-0.015398080111118,-0.0226544649282865,-1,-1,-1
13029,"Bryan","Georgia",-0.0165955167805179,5.39553052319667,0,5.51169914066029,"2020-10-07",260,5.33271879326537,-0.0155680140946329,5.40375054468375,5.40272304199786,-0.0137618509569483,0,-0.00684037389962302,-1,0,-1
13029,"Bryan","Georgia",-0.0370303843048035,5.21545606622186,0,5.47466875635549,"2020-10-08",261,5.33822465713989,-0.0310434409647613,5.2633516129422,5.25736466960216,-0.0204348675242856,0,-0.0154754268701284,-1,0,-1
13029,"Bryan","Georgia",-0.0365894474322968,5.18195317689712,0,5.4380793089232,"2020-10-09",262,5.33616350903815,-0.0280382156308382,5.25036303130878,5.24181179950733,0.000440936872506702,0,0.0030052253339231,1,0,1
13029,"Bryan","Georgia",-0.0360456348298198,5.14971423028464,0,5.40203367409337,"2020-10-10",263,5.33271879326537,-0.0320662205114214,5.18154954483183,5.17757013051342,0.000543812602476997,0,-0.0040280048805832,1,0,-1
13029,"Bryan","Georgia",-0.0333909908246049,5.13490574749653,0,5.36864268326877,"2020-10-11",264,5.32648824351473,-0.0290913726501777,5.16930269289195,5.16500307471753,0.0026546440052149,0,0.0029748478612437,1,0,1
13029,"Bryan","Georgia",-0.012056408596757,5.27219141449471,0,5.35658627467201,"2020-10-12",265,5.3025939233153,0.0293066517749563,5.60309589746842,5.5617328370967,0.0213345822278479,0,0.058398024425134,1,0,1
13029,"Bryan","Georgia",-0.0108402145528647,5.2698645582491,0,5.34574606011915,"2020-10-13",266,5.277385530507,0.0184279269888705,5.50400969058297,5.47474154904124,0.0012161940438923,0,-0.0108787247860858,1,0,-1
13029,"Bryan","Georgia",-0.0130272668537794,5.24152792528891,0,5.33271879326537,"2020-10-14",267,5.23644196282995,0.00652510038932604,5.39794686323376,5.37839449599065,-0.0021870523009147,0,-0.0119028265995445,-1,0,-1
13029,"Bryan","Georgia",0.00550586387452184,5.37676570426154,0.00550586387452245,5.37676570426155,"2020-10-15",268,5.1809806598435,0.0230468448102219,5.51709355174714,5.49955257081144,0.0185331307283012,0.00550586387452245,0.0165217444208959,1,1,1
13029,"Bryan","Georgia",-0.00206114810173755,5.32173547232599,0,5.33616350903815,"2020-10-16",269,5.13579843705026,0.0137172968690714,5.44796303209246,5.43218458712165,-0.00756701197625939,-0.00550586387452245,-0.0093295479411505,-1,-1,-1
13029,"Bryan","Georgia",-0.00344471577278368,5.30860578285588,0,5.33271879326537,"2020-10-17",270,5.08847778086019,0.00741533520647322,5.39548619068994,5.38462613971068,-0.00138356767104613,0,-0.00630196166259818,-1,0,-1
13029,"Bryan","Georgia",-0.00623054975063594,5.28287439526028,0,5.32648824351473,"2020-10-18",271,5.04985600724954,0.00205318989670718,5.34914431243903,5.34086057279168,-0.00278583397785226,0,-0.00536214530976604,-1,0,-1
13029,"Bryan","Georgia",-0.0238943201994364,5.13533368191924,0,5.3025939233153,"2020-10-19",272,5.01348836307866,-0.0202635256628561,5.16438003821188,5.16074924367531,-0.0176637704488005,0,-0.0223167155595633,-1,0,-1
13029,"Bryan","Georgia",-0.0252083928082931,5.10092678084895,0,5.277385530507,"2020-10-20",273,4.98360662170834,-0.0164638028217783,5.17088350074107,5.16213891075455,-0.0013140726088567,0,0.0037997228410778,-1,0,1
13029,"Bryan","Georgia",-0.0409435676770523,4.94983698909058,0,5.23644196282995,"2020-10-21",274,4.9875128766754,-0.0277368034185411,5.05549110315867,5.04228433890016,-0.0157351748687592,0,-0.0112730005967628,-1,0,-1
13029,"Bryan","Georgia",-0.0554613029864527,4.79275153893833,0,5.1809806598435,"2020-10-22",275,5.00872871582568,-0.0344032072258419,4.96121630502321,4.94015820926261,-0.0145177353094004,0,-0.0066664038073008,-1,0,-1
13029,"Bryan","Georgia",-0.0451822227932325,4.81952287749763,0,5.13579843705026,"2020-10-23",276,5.02294022928664,-0.0339853594094045,4.90909778456826,4.89790092118443,0.0102790801932202,0,0.000417847816437396,1,0,1
13029,"Bryan","Georgia",-0.0473206561900736,4.75723318752967,0,5.08847778086019,"2020-10-24",277,5.03602452810108,-0.0333152310082115,4.86927658898457,4.85527116380271,-0.0021384333968411,0,0.000670128401193001,-1,0,1
13029,"Bryan","Georgia",-0.0386217736106556,4.77950359197495,0,5.04985600724954,"2020-10-25",278,5.04618627836057,-0.0310310193478857,4.8402296260771,4.83263887181434,0.008698882579418,0,0.0022842116603258,1,0,1
13029,"Bryan","Georgia",-0.0363676441708734,4.75891485388254,0,5.01348836307866,"2020-10-26",279,5.06169046489654,-0.0278047347914915,4.82741812891761,4.81885521953822,0.0022541294397822,0,0.0032262845563942,1,0,1
13029,"Bryan","Georgia",-0.0298817413703267,4.77443443211605,0,4.98360662170834,"2020-10-27",280,5.04618627836057,-0.0257918667942852,4.80715342872438,4.80306355414834,0.0064859028005467,0,0.0020128679972063,1,0,1
13029,"Bryan","Georgia",0.00390625496706977,5.01485666144489,0.00390625496706853,5.01485666144488,"2020-10-28",281,5.02669610224644,0.00457084812406267,5.02017340670084,5.01950881354384,0.0337879963373965,0.00390625496706853,0.0303627149183479,1,1,1
13029,"Bryan","Georgia",0.0212158391502697,5.15723958987756,0.0212158391502708,5.15723958987757,"2020-10-29",282,5.00490461938727,0.0177225332889115,5.12929314298669,5.13278644884806,0.0173095841831999,0.0173095841832023,0.0131516851648488,1,1,1
13029,"Bryan","Georgia",0.0142115134609597,5.12242082351335,0.0142115134609595,5.12242082351335,"2020-10-30",283,4.97771847908311,0.0106307868467759,5.09377501059989,5.09735573721407,-0.00700432568931,-0.0070043256893113,-0.0070917464421356,-1,-1,-1
13029,"Bryan","Georgia",0.0130842988144399,5.12761461980215,0.0130842988144408,5.12761461980216,"2020-10-31",284,4.9416424226093,0.0114486398034331,5.1145293477141,5.11616500672511,-0.0011272146465198,-0.0011272146465187,0.000817852956657199,-1,-1,1
13029,"Bryan","Georgia",0.0101617502594967,5.11731853017705,0.0101617502594955,5.11731853017704,"2020-11-01",285,4.89783979995091,0.00907769278405494,5.10864607037352,5.10973012784895,-0.0029225485549432,-0.0029225485549453,-0.00237094701937816,-1,-1,-1
13029,"Bryan","Georgia",0.01550418653597,5.17021977064833,0.0155041865359689,5.17021977064832,"2020-11-02",286,4.83401175841694,0.0141927738769105,5.15972846937585,5.16103988203491,0.0053424362764733,0.0053424362764734,0.00511508109285556,1,1,1
13029,"Bryan","Georgia",-0.0155041865359687,4.93765697260879,0,5.04618627836057,"2020-11-03",287,4.79342647830186,-0.0261778570055484,4.85226760885215,4.86294127932173,-0.0310083730719387,-0.0155041865359689,-0.0403706308824589,-1,-1,-1
13029,"Bryan","Georgia",-0.0194901761141362,4.89026486944748,0,5.02669610224644,"2020-11-04",288,4.74988876800318,-0.0293494230247306,4.81139089416273,4.82125014107333,-0.0039859895781675,0,-0.0031715660191822,-1,0,-1
13029,"Bryan","Georgia",-0.0217914828591647,4.85236423937312,0,5.00490461938727,"2020-11-05",289,4.71338377062832,-0.0334429575813836,4.75915244159537,4.77080391631758,-0.0023013067450285,0,-0.004093534556653,-1,0,-1
13029,"Bryan","Georgia",-0.0271861403041603,4.78741549695399,0,4.97771847908311,"2020-11-06",290,4.68477323658706,-0.0343991742289264,4.72971122555586,4.73692425948063,-0.0053946574449956,0,-0.0009562166475428,-1,0,-1
13029,"Bryan","Georgia",-0.036076056473813,4.68911002729261,0,4.9416424226093,"2020-11-07",291,4.66478589566244,-0.0442404225481825,4.62379509869765,4.63195946477202,-0.0088899161696527,0,-0.0098412483192561,-1,0,-1
13029,"Bryan","Georgia",-0.0438026226583953,4.59122144134214,0,4.89783979995091,"2020-11-08",292,4.649870364906,-0.0492924404500915,4.54730289900857,4.55279271680027,-0.0077265661845823,0,-0.005052017901909,-1,0,-1
13029,"Bryan","Georgia",-0.0638280415339643,4.38721546767919,0,4.83401175841694,"2020-11-09",293,4.63195120866574,-0.0661778778298326,4.36841677731225,4.37076661360811,-0.020025418875569,0,-0.0168854373797411,-1,0,-1
13029,"Bryan","Georgia",-0.0405852801150731,4.50932951749635,0,4.79342647830186,"2020-11-10",294,4.60659773797928,-0.0243203904322359,4.63944863495905,4.62318374527621,0.0232427614188912,0,0.0418574873975967,1,0,1
13029,"Bryan","Georgia",-0.0435377102986847,4.44512479591239,0,4.74988876800318,"2020-11-11",295,4.57618264911484,-0.0294236564748303,4.55803722650322,4.54392317267937,-0.0029524301836116,0,-0.0051032660425944,-1,0,-1
13029,"Bryan","Georgia",-0.0365049973748589,4.45784878900431,0,4.71338377062832,"2020-11-12",296,4.52798054729696,-0.0264583341431404,4.53822209485806,4.52817543162634,0.0070327129238258,0,0.0029653223316899,1,0,1
13029,"Bryan","Georgia",-0.0286105340412686,4.48449949829818,0,4.68477323658706,"2020-11-13",297,4.49822110764513,-0.0211415653597449,4.54425124775036,4.53678227906885,0.0078944633335903,0,0.0053167687833955,1,0,1
13029,"Bryan","Georgia",-0.0199873409246101,4.52487450919017,0,4.66478589566244,"2020-11-14",298,4.48219512362928,-0.0168978816592866,4.54959018331277,4.54650072404743,0.0086231931166585,0,0.0042436837004583,1,0,1
13029,"Bryan","Georgia",-0.0149155307564458,4.54546164961088,0,4.649870364906,"2020-11-15",299,4.46261864200418,-0.0135968406235587,4.55601117067397,4.55469248054109,0.0050718101681643,0,0.0033010410357279,1,0,1
13029,"Bryan","Georgia",-0.0179191562402638,4.50651711498389,0,4.63195120866574,"2020-11-16",300,4.44600696433729,-0.0156456469817636,4.52470518905189,4.52243167979339,-0.003003625483818,0,-0.0020488063582049,-1,0,-1
13029,"Bryan","Georgia",-0.0253534706864626,4.42912344317404,0,4.60659773797928,"2020-11-17",301,4.43081679884331,-0.0188587884091218,4.48108090139277,4.47458621911543,-0.0074343144461988,0,-0.0032131414273582,-1,0,-1
13029,"Bryan","Georgia",-0.0304150888644357,4.36327702706379,0,4.57618264911484,"2020-11-18",302,4.42056029867612,-0.0229571095624906,4.42294086147936,4.41548288217741,-0.0050616181779731,0,-0.0040983211533688,-1,0,-1
13029,"Bryan","Georgia",-0.048202101817878,4.19056583457182,0,4.52798054729696,"2020-11-19",303,4.43251603459627,-0.0328064326026655,4.31373118829352,4.2983355190783,-0.0177870129534423,0,-0.0098493230401749,-1,0,-1
13029,"Bryan","Georgia",-0.0297594396518315,4.28990503008231,0,4.49822110764513,"2020-11-20",304,4.44096917030733,-0.0231760627421492,4.34257204535977,4.33598866845009,0.0184426621660465,0,0.0096303698605163,1,0,1
13029,"Bryan","Georgia",-0.0160259840158454,4.37001323551836,0,4.48219512362928,"2020-11-21",305,4.46754880811204,-0.0160054435219149,4.37017755946981,4.37015701897588,0.0137334556359861,0,0.0071706192202343,1,0,1
13029,"Bryan","Georgia",-0.0195764816250971,4.32558327062851,0,4.46261864200418,"2020-11-22",306,4.48863636973214,-0.0172034213888598,4.3445677525184,4.34219469228216,-0.0035504976092517,0,-0.0011979778669449,-1,0,-1
13029,"Bryan","Georgia",-0.0166116776668954,4.32972522066902,0,4.44600696433729,"2020-11-23",307,4.52952256764878,-0.0146284747288591,4.34559084417331,4.34360764123528,0.0029648039582017,0,0.0025749466600007,1,0,1
13029,"Bryan","Georgia",-0.015190165493976,4.32448564038548,0,4.43081679884331,"2020-11-24",308,4.59078144853599,-0.015190735563475,4.32448107982949,4.32448164989898,0.0014215121729194,0,-0.000562260834615899,1,0,-1
13029,"Bryan","Georgia",-0.0102565001671902,4.34876479750579,0,4.42056029867612,"2020-11-25",309,4.67682617489452,-0.0104522532440963,4.34719877289054,4.34739452596745,0.0049336653267858,0,0.0047384823193787,1,0,1
13029,"Bryan","Georgia",0.0119557359201493,4.51620618603732,0.0119557359201492,4.51620618603732,"2020-11-26",310,4.7548209604925,0.0139433839521916,4.53210737029365,4.53011972226161,0.0222122360873395,0.0119557359201492,0.0243956371962879,1,1,1
13029,"Bryan","Georgia",0.00845313571105966,4.50014112028475,0.00845313571105866,4.50014112028474,"2020-11-27",311,4.81334512160838,0.00949903083222988,4.50850828125411,4.50746238613294,-0.00350260020908964,-0.00350260020909054,-0.00444435311996172,-1,-1,-1
13029,"Bryan","Georgia",0.0265796378047108,4.65360627274502,0.0265796378047112,4.65360627274502,"2020-11-28",312,4.85314571300348,0.024284482784397,4.63524503258251,4.63754018760282,0.0181265020936511,0.0181265020936525,0.0147854519521671,1,1,1
13029,"Bryan","Georgia",0.0210875616200954,4.63624930107281,0.0210875616200967,4.63624930107282,"2020-11-29",313,4.88604341651054,0.0196436171976308,4.62469774569309,4.62614169011556,-0.0054920761846154,-0.0054920761846145,-0.0046408655867662,-1,-1,-1
13029,"Bryan","Georgia",0.040886197916632,4.8157259530652,0.0408861979166364,4.81572595306523,"2020-11-30",314,4.90844435319971,0.0388197988157996,4.79919476025854,4.80126115935938,0.0197986362965366,0.0197986362965397,0.0191761816181688,1,1,1
13029,"Bryan","Georgia",0.061258880887221,5.01959361474654,0.0612588808872161,5.0195936147465,"2020-12-01",315,4.92932193822126,0.052172875133597,4.94690556871755,4.95599157447117,0.020372682970589,0.0203726829705797,0.0133530763177974,1,1,1
13029,"Bryan","Georgia",0.0860447263585233,5.27913925940419,0.08604472635853,5.27913925940423,"2020-12-02",316,4.93652732194253,0.066379010338895,5.12181353124715,5.14147924726679,0.0247858454713023,0.0247858454713139,0.014206135205298,1,1,1
13029,"Bryan","Georgia",0.0779947855979794,5.30078445967835,0.0779947855979737,5.30078445967831,"2020-12-03",317,4.95582705760126,0.0621613957267047,5.17411734070816,5.18995073057943,-0.0080499407605439,-0.0080499407605563,-0.0042176146121903,-1,-1,-1
13029,"Bryan","Georgia",0.0585241611158774,5.22301424941952,0.0585241611158827,5.22301424941956,"2020-12-04",318,4.98556165654414,0.0539753086550987,5.18662342973329,5.19117228219407,-0.019470624482102,-0.019470624482091,-0.008186087071606,-1,-1,-1
13029,"Bryan","Georgia",0.0398005913951059,5.13174985276922,0.0398005913951032,5.1317498527692,"2020-12-05",319,5.01348836307866,0.0397305661730245,5.13118965099258,5.13125967621465,-0.0187235697207715,-0.0187235697207795,-0.0142447424820742,-1,-1,-1
13029,"Bryan","Georgia",0.032897703507057,5.11632734105994,0.0328977035070572,5.11632734105994,"2020-12-06",320,5.04985600724954,0.0332716307059821,5.11931875865134,5.11894483145241,-0.0069028878880489,-0.006902887888046,-0.0064589354670424,-1,-1,-1
13029,"Bryan","Georgia",0.0224009366891681,5.06525091002388,0.0224009366891664,5.06525091002387,"2020-12-07",321,5.09899496807406,0.0210065774115144,5.05409603580265,5.05549039508031,-0.0104967668178889,-0.0104967668178908,-0.0122650532944677,-1,-1,-1
13029,"Bryan","Georgia",0.0208775850215575,5.07546503337216,0.0208775850215561,5.07546503337215,"2020-12-08",322,5.13747769856998,0.0220284224585144,5.08467173286782,5.08352089543086,-0.0015233516676106,-0.0015233516676103,0.001021845047,-1,-1,1
13029,"Bryan","Georgia",0.00720538372127051,4.98696500799143,0.00720538372127066,4.98696500799143,"2020-12-09",323,5.17048399503815,0.00949282420779554,5.00526453188362,5.0029770913971,-0.013672201300287,-0.0136722013002854,-0.0125355982507189,-1,-1,-1
13029,"Bryan","Georgia",0.0192997356587293,5.09092520721237,0.0192997356587288,5.09092520721236,"2020-12-10",324,5.19375018690961,0.0207564806801899,5.10257916738405,5.10112242236259,0.0120943519374588,0.0120943519374581,0.0112636564723944,1,1,1
13029,"Bryan","Georgia",0.0297345989428784,5.19370384914429,0.029734598942877,5.19370384914428,"2020-12-11",325,5.20714148588217,0.031464334751563,5.20754173561376,5.20581199980508,0.0104348632841491,0.0104348632841482,0.0107078540713731,1,1,1
13029,"Bryan","Georgia",0.0279267065345225,5.20897530882032,0.0279267065345215,5.20897530882031,"2020-12-12",326,5.22804817070148,0.029971320604481,5.22533222137999,5.22328760731003,-0.0018078924083559,-0.0018078924083555,-0.001493014147082,-1,-1,-1
13029,"Bryan","Georgia",0.0363676441708793,5.30442951644569,0.0363676441708778,5.30442951644568,"2020-12-13",327,5.25152520504128,0.0349771763471262,5.29330577385567,5.29469624167942,0.0084409376363568,0.0084409376363563,0.0050058557426452,1,1,1
13029,"Bryan","Georgia",0.0491389608245216,5.44296769384571,0.0491389608245214,5.44296769384571,"2020-12-14",328,5.26932982967478,0.0475294139446831,5.430091318807,5.43170086568684,0.0127713166536423,0.0127713166536436,0.0125522375975569,1,1,1
13029,"Bryan","Georgia",0.0384827304959213,5.40685681204143,0.0384827304959217,5.40685681204143,"2020-12-15",329,5.29114887706943,0.037479368974369,5.39882991986901,5.39983328139056,-0.0106562303286003,-0.0106562303285997,-0.0100500449703141,-1,-1,-1
13029,"Bryan","Georgia",0.033006296468171,5.40152807031535,0.0330062964681712,5.40152807031535,"2020-12-16",330,5.32231287210425,0.0343292725003464,5.41211187857275,5.41078890254057,-0.0054764340277503,-0.0054764340277505,-0.0031500964740226,-1,-1,-1
13029,"Bryan","Georgia",0.0232661918714542,5.35661353000978,0.0232661918714543,5.35661353000979,"2020-12-17",331,5.34370037239585,0.0239705868140548,5.36224868955059,5.36154429460799,-0.0097401045967168,-0.0097401045967169,-0.0103586856862916,-1,-1,-1
13029,"Bryan","Georgia",0.0133912989725641,5.30088057869012,0.0133912989725635,5.30088057869011,"2020-12-18",332,5.36930824069766,0.015039383086588,5.31406525160231,5.31241716748829,-0.0098748928988901,-0.0098748928988908,-0.0089312037274668,-1,-1,-1
13029,"Bryan","Georgia",0.020906684819308,5.37439496443663,0.0209066848193089,5.37439496443664,"2020-12-19",333,5.39362754635236,0.0231346431512854,5.39221863109245,5.38999067276048,0.0075153858467439,0.0075153858467454,0.0080952600646974,1,1,1
13029,"Bryan","Georgia",0.0234770343397992,5.41586444541987,0.0234770343398001,5.41586444541988,"2020-12-20",334,5.41990268815416,0.0238606608937824,5.41893345785174,5.41854983129776,0.0025703495204912,0.0025703495204912,0.000726017742497,1,1,1
13029,"Bryan","Georgia",0.0178046246335053,5.39396220210932,0.0178046246335049,5.39396220210932,"2020-12-21",335,5.44919739750717,0.0197591625851914,5.40959850572281,5.40764396777112,-0.0056724097062939,-0.0056724097062952,-0.004101498308591,-1,-1,-1
13029,"Bryan","Georgia",0.0218190473946433,5.44388220883193,0.0218190473946436,5.44388220883193,"2020-12-22",336,5.48538952610059,0.0234960369476529,5.457298125256,5.455621135703,0.004014422761138,0.0040144227611387,0.0037368743624615,1,1,1
13029,"Bryan","Georgia",0.0311639950348271,5.54046083734804,0.0311639950348264,5.54046083734804,"2020-12-23",337,5.51859968558121,0.0320563518968431,5.54759969224417,5.54670733538215,0.0093449476401838,0.0093449476401828,0.0085603149491902,1,1,1
13029,"Bryan","Georgia",0.0213875002915993,5.49341287443705,0.0213875002916,5.49341287443705,"2020-12-24",338,5.57052315386032,0.0224569833466151,5.50196873887717,5.50089925582216,-0.0097764947432278,-0.0097764947432264,-0.009599368550228,-1,-1,-1
13029,"Bryan","Georgia",0.0256078683018079,5.54856331881032,0.0256078683018099,5.54856331881033,"2020-12-25",339,5.61260659399033,0.0262528514994082,5.55372318439112,5.55307820119352,0.0042203680102086,0.0042203680102099,0.0037958681527931,1,1,1
13029,"Bryan","Georgia",0.0243193056546998,5.56386268593526,0.0243193056546991,5.56386268593526,"2020-12-26",340,5.6484710934965,0.025342575813735,5.57204884720754,5.5710255770485,-0.0012885626471081,-0.0012885626471108,-0.000910275685673201,-1,-1,-1
13029,"Bryan","Georgia",0.0262751418017988,5.60382868076675,0.026275141801797,5.60382868076674,"2020-12-27",341,5.67479493778295,0.0280409129363039,5.61795484984279,5.61618907870829,0.001955836147099,0.0019558361470979,0.0026983371225689,1,1,1
13029,"Bryan","Georgia",0.029294709353017,5.65426036297829,0.0292947093530156,5.65426036297828,"2020-12-28",342,5.69805179994721,0.0300888383362568,5.66061339484421,5.65981926586097,0.0030195675512182,0.0030195675512186,0.0020479253999529,1,1,1
13029,"Bryan","Georgia",0.0361921285934109,5.73873442625446,0.0361921285934139,5.73873442625449,"2020-12-29",343,5.71655766614492,0.0355205075167271,5.73336145764099,5.73403307871768,0.0068974192403939,0.0068974192403983,0.0054316691804703,1,1,1
13029,"Bryan","Georgia",0.0332101594806231,5.75107080194558,0.0332101594806247,5.75107080194559,"2020-12-30",344,5.74254520749463,0.0333984122853962,5.75257682438376,5.75238857157898,-0.0029819691127878,-0.0029819691127892,-0.0021220952313309,-1,-1,-1
13029,"Bryan","Georgia",0.0519234682791064,5.93398743181407,0.0519234682791074,5.93398743181407,"2020-12-31",345,5.76115250631516,0.0488481926599456,5.90938522686077,5.91246050247994,0.0187133087984833,0.0187133087984827,0.0154497803745494,1,1,1
13029,"Bryan","Georgia",0.0420834401300124,5.90719067490042,0.0420834401300114,5.90719067490041,"2021-01-01",346,5.78426464619091,0.0405502714668677,5.89492532559526,5.8964584942584,-0.00984002814909399,-0.009840028149096,-0.00829792119307789,-1,-1,-1
13029,"Bryan","Georgia",0.0358644995061726,5.89952259003971,0.0358644995061717,5.89952259003971,"2021-01-02",347,5.80942866379119,0.033712206022174,5.88230424216772,5.88445653565172,-0.00621894062383981,-0.00621894062383969,-0.0068380654446937,-1,-1,-1
13029,"Bryan","Georgia",0.0263238442864444,5.85906184778806,0.026323844286444,5.85906184778806,"2021-01-03",348,5.8348107370626,0.0270304924324599,5.86471503295618,5.86400838481017,-0.0095406552197282,-0.0095406552197277,-0.0066817135897141,-1,-1,-1
13029,"Bryan","Georgia",0.0232568621642677,5.86084983509709,0.023256862164267,5.86084983509708,"2021-01-04",349,5.85343324916061,0.0233854331568487,5.86187840303774,5.86174983204515,-0.0030669821221767,-0.003066982122177,-0.0036450592756112,-1,-1,-1
13029,"Bryan","Georgia",0.0185058661977075,5.84609872952888,0.0185058661977093,5.84609872952889,"2021-01-05",350,5.87211778947542,0.0200166177243243,5.8581847417418,5.85667399021519,-0.0047509959665602,-0.0047509959665577,-0.0033688154325244,-1,-1,-1
13029,"Bryan","Georgia",0.0259875413497068,5.92445799694258,0.025987541349707,5.92445799694258,"2021-01-06",351,5.9018523884183,0.0264795505276334,5.92839407036599,5.92790206118806,0.0074816751519993,0.0074816751519977,0.0064629328033091,1,1,1
13029,"Bryan","Georgia",0.0186072988205308,5.89140359805888,0.0186072988205295,5.89140359805887,"2021-01-07",352,5.93262404708505,0.0197962595315037,5.90091528374666,5.89972632303569,-0.007380242529176,-0.0073802425291775,-0.0066832909961297,-1,-1,-1
13029,"Bryan","Georgia",0.0231121398757468,5.94604962532114,0.0231121398757477,5.94604962532114,"2021-01-08",353,5.97053271106695,0.0235673766064178,5.9496915191665,5.94923628243583,0.004504841055216,0.0045048410552182,0.0037711170749141,1,1,1
13029,"Bryan","Georgia",0.0251640176002793,5.98557678699314,0.0251640176002788,5.98557678699314,"2021-01-09",354,6.00670496259569,0.0261590239348727,5.99353683766989,5.9925418313353,0.0020518777245325,0.0020518777245311,0.0025916473284549,1,1,1
13029,"Bryan","Georgia",0.0253820732714157,6.01248524996251,0.0253820732714178,6.01248524996253,"2021-01-10",355,6.04263283368238,0.0268856470632448,6.02451384029715,6.02301026650531,0.000218055671136402,0.000218055671139,0.0007266231283721,1,1,1
13029,"Bryan","Georgia",0.0186225120980016,5.98379083384662,0.018622512098001,5.98379083384661,"2021-01-11",356,6.07927917283552,0.0189317578674844,5.98626480000248,5.985955554233,-0.0067595611734141,-0.0067595611734168,-0.0079538891957604,-1,-1,-1
13029,"Bryan","Georgia",0.0186845403148101,6.00290957167909,0.0186845403148101,6.00290957167909,"2021-01-12",357,6.11683775203104,0.0194794369111415,6.00926874444974,6.00847384785341,6.20282168085004e-05,6.20282168091006e-05,0.000547679043657098,1,1,1
13029,"Bryan","Georgia",0.0297345989428772,6.10999458101844,0.0297345989428797,6.10999458101845,"2021-01-13",358,6.14295864010668,0.0288849479223759,6.10319737285443,6.10404702387493,0.0110500586280671,0.0110500586280696,0.0094055110112344,1,1,1
13029,"Bryan","Georgia",0.0307716586667523,6.14802565775231,0.0307716586667528,6.14802565775232,"2021-01-14",359,6.16391612696316,0.029609000296576,6.13872439079091,6.13988704916108,0.0010370597238751,0.0010370597238731,0.000724052374200101,1,1,1
13029,"Bryan","Georgia",0.0379086639819012,6.23589335894026,0.0379086639818986,6.23589335894024,"2021-01-15",360,6.17408367866979,0.0353083818579655,6.21509110194877,6.21769138407271,0.0071370053151489,0.0071370053151458,0.0056993815613895,1,1,1
13029,"Bryan","Georgia",0.03617225152874,6.25991072329687,0.0361722515287388,6.25991072329686,"2021-01-16",361,6.19411380340761,0.0340507310504564,6.2429385594706,6.24506007994889,-0.0017364124531612,-0.0017364124531598,-0.0012576508075091,-1,-1,-1
13029,"Bryan","Georgia",0.0359278710866968,6.29412793128926,0.0359278710866953,6.29412793128925,"2021-01-17",362,6.21375058800806,0.0342770035881434,6.28092099130084,6.28257185879938,-0.000244380442043196,-0.000244380442043501,0.000226272537687006,-1,-1,1
13029,"Bryan","Georgia",0.0366463391531372,6.33580354690748,0.0366463391531404,6.3358035469075,"2021-01-18",363,6.23357003630358,0.0346452859445986,6.31979512123917,6.32179617444771,0.000718468066440395,0.000718468066445106,0.000368282356455196,1,1,1
13029,"Bryan","Georgia",0.0375585791955169,6.37974780639966,0.0375585791955189,6.37974780639967,"2021-01-19",364,6.25712009265955,0.03572961520964,6.36511609451264,6.36694505849852,0.000912240042379706,0.000912240042378498,0.0010843292650414,1,1,1
13029,"Bryan","Georgia",0.0261208880756373,6.32580485663614,0.0261208880756358,6.32580485663613,"2021-01-20",365,6.2763749248174,0.0261092885921531,6.32571206076827,6.32572366025175,-0.0114376911198796,-0.0114376911198831,-0.0096203266174869,-1,-1,-1
13029,"Bryan","Georgia",0.0209574868564877,6.31061853495858,0.0209574868564868,6.31061853495857,"2021-01-21",366,6.29394726196329,0.0204026973384557,6.30618021881433,6.30673500833235,-0.0051634012191496,-0.005163401219149,-0.0057065912536974,-1,-1,-1
13029,"Bryan","Georgia",0.0101675517066288,6.24525654061619,0.0101675517066289,6.24525654061619,"2021-01-22",367,6.31303031393315,0.011848679419965,6.25870556232288,6.25702443460955,-0.0107899351498589,-0.0107899351498579,-0.0085540179184907,-1,-1,-1
13029,"Bryan","Georgia",0.0200301247378173,6.33432467657233,0.0200301247378158,6.33432467657232,"2021-01-23",368,6.33048455580799,0.0195837563407461,6.33075372939576,6.33120009779283,0.0098625730311885,0.0098625730311869,0.0077350769207811,1,1,1
13029,"Bryan","Georgia",0.0196367846004539,6.35120808021124,0.0196367846004559,6.35120808021126,"2021-01-24",369,6.34963836717045,0.0191095525535074,6.34699022383567,6.34751745588261,-0.000393340137363401,-0.0003933401373599,-0.000474203787238697,-1,-1,-1
13029,"Bryan","Georgia",0.0198194482955145,6.37230617437218,0.0198194482955154,6.37230617437219,"2021-01-25",370,6.36794211834289,0.0185907923939716,6.36247692715983,6.36370558306138,0.000182663695060602,0.000182663695059499,-0.000518760159535801,1,1,-1
13029,"Bryan","Georgia",0.0235500563559675,6.42197048715132,0.0235500563559672,6.42197048715132,"2021-01-26",371,6.3810905911864,0.0211793376854351,6.40300473778706,6.4053754564576,0.003730608060453,0.0037306080604518,0.0025885452914635,1,1,1
13029,"Bryan","Georgia",0.0192548321578562,6.4111587499224,0.0192548321578574,6.41115874992241,"2021-01-27",372,6.39550006240655,0.0174249501906088,6.39651969418442,6.39834957615166,-0.0042952241981113,-0.0042952241981098,-0.0037543874948263,-1,-1,-1
13029,"Bryan","Georgia",0.0175723371458848,6.41695362198448,0.0175723371458831,6.41695362198447,"2021-01-28",373,6.40168025797474,0.0160859093339355,6.40506219948888,6.40654862730084,-0.0016824950119714,-0.0016824950119743,-0.0013390408566733,-1,-1,-1
13029,"Bryan","Georgia",0.0190830519698606,6.44661167772217,0.0190830519698606,6.44661167772217,"2021-01-29",374,6.40191719672719,0.0172404889869683,6.43187117385904,6.43371373684193,0.0015107148239758,0.0015107148239775,0.0011545796530328,1,1,1
13029,"Bryan","Georgia",0.0174542418748443,6.4526642489319,0.0174542418748453,6.45266424893191,"2021-01-30",375,6.39095948822964,0.0156487434331645,6.43822026139847,6.44002575984014,-0.0016288100950163,-0.0016288100950153,-0.0015917455538038,-1,-1,-1
13029,"Bryan","Georgia",0.0191538113624587,6.48371504670766,0.0191538113624574,6.48371504670765,"2021-01-31",376,6.37575465807969,0.0153369581781521,6.45318022123321,6.45699707441752,0.0016995694876144,0.0016995694876121,-0.0003117852550124,1,1,-1
13029,"Bryan","Georgia",0.0183037511724444,6.49606837655,0.0183037511724438,6.49606837655,"2021-02-01",377,6.35957386867238,0.0147838171439618,6.46790890432214,6.47142883835062,-0.000850060190014303,-0.000850060190013602,-0.0005531410341903,-1,-1,-1
13029,"Bryan","Georgia",0.0131484728435057,6.47312990109094,0.0131484728435067,6.47312990109095,"2021-02-02",378,6.34312694922317,0.0102304107936255,6.44978540469189,6.45270346674178,-0.0051552783289387,-0.0051552783289371,-0.0045534063503363,-1,-1,-1
13029,"Bryan","Georgia",0.0144094712201505,6.49636636094761,0.0144094712201515,6.49636636094761,"2021-02-03",379,6.32128203687683,0.0116371118875126,6.4741874862865,6.47695984561914,0.0012609983766448,0.0012609983766448,0.0014067010938871,1,1,1
13029,"Bryan","Georgia",0.00618019556819269,6.44494162695209,0.00618019556819238,6.44494162695209,"2021-02-04",380,6.30209555254531,0.0065460987687254,6.44786885255635,6.44750294935582,-0.00822927565195781,-0.00822927565195912,-0.0050910131187872,-1,-1,-1
13029,"Bryan","Georgia",0.000236938752442153,6.40357576799428,0.00023693875244124,6.40357576799427,"2021-02-05",381,6.28865484421182,0.00379658377279216,6.43205292815708,6.42849328313673,-0.00594325681575054,-0.00594325681575114,-0.00274951499593324,-1,-1,-1
13029,"Bryan","Georgia",-0.0109577084975423,6.31425552874685,0,6.39095948822964,"2021-02-06",382,6.27610628814688,-0.0110554095256048,6.31347392052235,6.31357162155041,-0.0111946472499845,-0.00023693875244124,-0.014851993298397,-1,-1,-1
13029,"Bryan","Georgia",-0.0152048301499522,6.26932084703002,0,6.37575465807969,"2021-02-07",383,6.25520149538745,-0.0134395725590817,6.28344290775699,6.28167765016612,-0.0042471216524099,0,-0.0023841630334769,-1,0,-1
13029,"Bryan","Georgia",-0.0161807894073126,6.24630834282119,0,6.35957386867238,"2021-02-08",384,6.23469079853913,-0.0151507798821757,6.25454841902228,6.25351840949715,-0.000975959257360401,0,-0.001711207323094,-1,0,-1
13029,"Bryan","Georgia",-0.0164469194492061,6.22799851307873,0,6.34312694922317,"2021-02-09",385,6.21632091642587,-0.017192156091657,6.22203661993912,6.22278185658157,-0.000266130041893499,0,-0.0020413762094813,-1,0,-1
13029,"Bryan","Georgia",-0.0218449123463392,6.16836765045246,0,6.32128203687683,"2021-02-10",386,6.19060810305998,-0.0220335449653527,6.16685858950035,6.16704722211936,-0.0053979928971331,0,-0.0048413888736957,-1,0,-1
13029,"Bryan","Georgia",-0.0191864843315256,6.16779016222463,0,6.30209555254531,"2021-02-11",387,6.16931182350702,-0.0190761432485857,6.16867289088814,6.16856254980521,0.0026584280148136,0,0.002957401716767,1,0,1
13029,"Bryan","Georgia",-0.0134407083334837,6.19456988587744,0,6.28865484421182,"2021-02-12",388,6.14846829591765,-0.0158995165289749,6.17489942031351,6.17735822850899,0.0057457759980419,0,0.0031766267196108,1,0,1
13029,"Bryan","Georgia",-0.012548556064939,6.18826639569231,0,6.27610628814688,"2021-02-13",389,6.1309158822435,-0.0153662568512228,6.16572478940204,6.16854249018832,0.000892152268544701,0,0.0005332596777521,1,0,1
13029,"Bryan","Georgia",-0.0209047927594363,6.10886794607139,0,6.25520149538745,"2021-02-14",390,6.11273356316031,-0.0206126683785417,6.11120494111855,6.11091281673766,-0.0083562366944973,0,-0.0052464115273189,-1,0,-1
13029,"Bryan","Georgia",-0.0205106968483143,6.09111592060093,0,6.23469079853913,"2021-02-15",391,6.08936876208935,-0.0211298791559416,6.08616246213992,6.08678164444754,0.000394095911122001,0,-0.000517210777399902,1,0,-1
13029,"Bryan","Georgia",-0.0183698821132659,6.087731741633,0,6.21632091642587,"2021-02-16",392,6.06145691892802,-0.0198535536573071,6.07586236928067,6.07734604082472,0.0021408147350484,0,0.0012763254986345,1,0,1
13029,"Bryan","Georgia",-0.0257128133658845,6.01061840949879,0,6.19060810305998,"2021-02-17",393,6.03889324067909,-0.0247571695575265,6.01826355996566,6.01730791615729,-0.0073429312526186,0,-0.0049036159002194,-1,0,-1
13029,"Bryan","Georgia",-0.0212962795529646,6.02023786663626,0,6.16931182350702,"2021-02-18",394,6.01859321449623,-0.0217787743899662,6.01637790794025,6.01686040277726,0.0044165338129199,0,0.0029783951675603,1,0,1
13029,"Bryan","Georgia",-0.0208435275893706,6.00256360279205,0,6.14846829591765,"2021-02-19",395,5.99999944955782,-0.0207344618358189,6.00343612882047,6.00332706306692,0.000452751963593997,0,0.0010443125541473,1,0,1
13029,"Bryan","Georgia",-0.0175524136741509,6.00804898652444,0,6.1309158822435,"2021-02-20",396,5.98141421125448,-0.0184364735990824,6.00097650712499,6.00186056704992,0.0032911139152197,0,0.0022979882367365,1,0,1
13029,"Bryan","Georgia",-0.0181823190831919,5.98545732957796,0,6.11273356316031,"2021-02-21",397,5.97235453703996,-0.0192732795477424,5.97672964586156,5.97782060632611,-0.000629905409040999,0,-0.000836805948660001,-1,0,-1
13029,"Bryan","Georgia",-0.0233648010709539,5.92581515459268,0,6.08936876208935,"2021-02-22",398,5.96578037165303,-0.022600913686074,5.93192625367172,5.93116236628683,-0.005182481987762,0,-0.0033276341383316,-1,0,-1
13029,"Bryan","Georgia",-0.0279118431613345,5.86607401679868,0,6.06145691892802,"2021-02-23",399,5.9632120341561,-0.0263933176137084,5.87822222117968,5.87670369563206,-0.0045470420903806,0,-0.0037924039276344,-1,0,-1
13029,"Bryan","Georgia",-0.0225636782489228,5.88094749293663,0,6.03889324067909,"2021-02-24",400,5.96943802020776,-0.0220607360705484,5.88497103036363,5.88446808818525,0.0053481649124117,0,0.00433258154316,1,0,1
13029,"Bryan","Georgia",-0.0203000261828619,5.8764930312162,0,6.01859321449623,"2021-02-25",401,5.97016794724747,-0.0203325056314109,5.8762331956278,5.87626567507635,0.0022636520660609,0,0.0017282304391375,1,0,1
13029,"Bryan","Georgia",-0.0185937649384129,5.86984309498893,0,5.99999944955782,"2021-02-26",402,5.96907285679308,-0.020311007016267,5.85610515836609,5.85782240044395,0.001706261244449,0,2.14986151438994e-05,1,0,1
13029,"Bryan","Georgia",-0.0185852383033398,5.8513175431311,0,5.98141421125448,"2021-02-27",403,5.96614673912369,-0.0216808847836347,5.82655237128874,5.82964801776904,8.52663507310003e-06,0,-0.0013698777673677,1,0,-1
13029,"Bryan","Georgia",-0.00905967421452455,5.90893681753829,0,5.97235453703996,"2021-02-28",404,5.96870755998537,-0.0149922559007114,5.86147616404879,5.86740874573498,0.00952556408881525,0,0.0066886288829233,1,0,1
13029,"Bryan","Georgia",-0.00657416538693451,5.91976121394448,0,5.96578037165303,"2021-03-01",405,5.97271850428693,-0.0149393542176309,5.85283970329891,5.86120489212961,0.00248550882759004,0,5.29016830805012e-05,1,0,1
13029,"Bryan","Georgia",-0.00256833749692736,5.94523367167761,0,5.9632120341561,"2021-03-02",406,5.97308233910993,-0.0123737038914191,5.86679074052168,5.87659610691617,0.00400582789000715,0,0.0025656503262118,1,0,1
13029,"Bryan","Georgia",0.00622598605166434,6.01301992256941,0.00622598605166491,6.01301992256942,"2021-03-03",407,5.96394651821409,-0.00032864965903196,5.96058283688384,5.96713747259454,0.0087943235485917,0.00622598605166491,0.0120450542323871,1,1,1
13029,"Bryan","Georgia",0.000729927039708932,5.97527743652544,0.000729927039709644,5.97527743652544,"2021-03-04",408,5.95583736946483,-0.00170189916557297,5.95582282688318,5.95825465308846,-0.00549605901195541,-0.00549605901195527,-0.00137324950654101,-1,-1,-1
13029,"Bryan","Georgia",-0.00109509045439444,5.96140722361232,0,5.96907285679308,"2021-03-05",409,5.94467238560122,-0.0119736794802524,5.87437851140545,5.88525710043131,-0.00182501749410337,-0.000729927039709644,-0.0102717803146794,-1,-1,-1
13029,"Bryan","Georgia",-0.00292611766938666,5.94566391543799,0,5.96614673912369,"2021-03-06",410,5.92958914338989,-0.0103359007096491,5.88638565111589,5.89379543415615,-0.00183102721499222,0,0.0016377787706033,-1,0,1
13029,"Bryan","Georgia",0.0025608208616732,5.98663330601708,0.00256082086167364,5.98663330601708,"2021-03-07",411,5.90924685682603,-0.000247457325938633,5.96416708051618,5.9669753587038,0.00548693853105986,0.00256082086167364,0.0100884433837105,1,1,1
13029,"Bryan","Georgia",0.00401094430156116,6.00079511439786,0.00401094430156235,6.00079511439786,"2021-03-08",412,5.88252621010227,0.00121604178066113,5.97843589423066,5.98123079675156,0.00145012343988796,0.00145012343988871,0.00146349910659976,1,1,1
13029,"Bryan","Georgia",0.000363834823003909,5.97562918287096,0.000363834823004616,5.97562918287097,"2021-03-09",413,5.85466250561534,0.000289644135531072,5.97503565737118,5.97510984805865,-0.00364710947855725,-0.00364710947855773,-0.000926397645130058,-1,-1,-1
13029,"Bryan","Georgia",-0.00913582089584417,5.89999577194318,0,5.96394651821409,"2021-03-10",414,5.8264214261143,-0.0105487016016205,5.88869272629697,5.89010560700275,-0.00949965571884808,-0.000363834823004616,-0.0108383457371516,-1,-1,-1
13029,"Bryan","Georgia",-0.00810914874925635,5.89907332822004,0,5.95583736946483,"2021-03-11",415,5.80039051317612,-0.0112350948152727,5.87406575969191,5.87719170575792,0.00102667214658782,0,-0.000686393213652199,1,0,-1
13029,"Bryan","Georgia",-0.0111649838636082,5.86651749855597,0,5.94467238560122,"2021-03-12",416,5.7763245956543,-0.0128107082687682,5.85335170331468,5.85499742771984,-0.00305583511435185,0,-0.0015756134534955,-1,0,-1
13029,"Bryan","Georgia",-0.0150832422113264,5.82400644791061,0,5.92958914338989,"2021-03-13",417,5.74391851968117,-0.0155120412459385,5.82057605563371,5.82100485466832,-0.0039182583477182,0,-0.0027013329771703,-1,0,-1
13029,"Bryan","Georgia",-0.0203422865638637,5.76685085087898,0,5.90924685682603,"2021-03-14",418,5.71231737710604,-0.0185163800242358,5.781458103196,5.77963219665638,-0.0052590443525373,0,-0.0030043387782973,-1,0,-1
13029,"Bryan","Georgia",-0.0267206467237529,5.695481683036,0,5.88252621010227,"2021-03-15",419,5.68552151552159,-0.0237497743667056,5.71924866189239,5.71627778953533,-0.0063783601598892,0,-0.0052333943424698,-1,0,-1
13029,"Bryan","Georgia",-0.0278637044869397,5.65961657420676,0,5.85466250561534,"2021-03-16",420,5.65549218552842,-0.0263152506731444,5.67200420471712,5.67045575090333,-0.0011430577631868,0,-0.0025654763064388,-1,0,-1
13029,"Bryan","Georgia",-0.0282410795010408,5.62873386960701,0,5.8264214261143,"2021-03-17",421,5.62607830032213,-0.0260432552010585,5.64631646400687,5.64411863970689,-0.000377375014101101,0,0.000271995472085899,-1,0,1
13029,"Bryan","Georgia",-0.0260309129381714,5.61817412260893,0,5.80039051317612,"2021-03-18",422,5.57811126615081,-0.0248397544129149,5.62770339081098,5.62651223228572,0.0022101665628694,0,0.0012035007881436,1,0,1
13029,"Bryan","Georgia",-0.0240659175218256,5.60786317300152,0,5.7763245956543,"2021-03-19",423,5.54294280667814,-0.0229027737543508,5.61716832314131,5.61600517937384,0.0019649954163458,0,0.0019369806585641,1,0,1
13029,"Bryan","Georgia",-0.0324060759731226,5.51707598786931,0,5.74391851968117,"2021-03-20",424,5.50823092909137,-0.0307401545230727,5.53040335946972,5.52873743801966,-0.008340158451297,0,-0.0078373807687219,-1,0,-1
13029,"Bryan","Georgia",-0.0316011425751321,5.49110937908012,0,5.71231737710604,"2021-03-21",425,5.46685386837125,-0.0295970707606019,5.50714195359635,5.50513788178183,0.000804933397990502,0,0.0011430837624708,1,0,1
13029,"Bryan","Georgia",-0.0267958615844469,5.49795048443046,0,5.68552151552159,"2021-03-22",426,5.42179842331906,-0.0265060354274212,5.50026909368667,5.49997926752964,0.0048052809906852,0,0.0030910353331807,1,0,1
13029,"Bryan","Georgia",-0.0300293299931669,5.44528687557625,0,5.65549218552842,"2021-03-23",427,5.37461681321743,-0.0284192979342631,5.45816713204749,5.45655709998858,-0.00323346840872,0,-0.0019132625068419,-1,0,-1
13029,"Bryan","Georgia",-0.0294138852062932,5.42018110387808,0,5.62607830032213,"2021-03-24",428,5.32370660055286,-0.028786534099732,5.42519991273056,5.42457256162401,0.000615444786873701,0,-0.000367236165468899,1,0,-1
13029,"Bryan","Georgia",-0.0479670341713103,5.24234202695164,0,5.57811126615081,"2021-03-25",429,5.2868229871223,-0.0431068031085875,5.28122387545343,5.2763636443907,-0.0185531489650171,0,-0.0143202690088555,-1,0,-1
13029,"Bryan","Georgia",-0.0351684594726651,5.29676359036949,0,5.54294280667814,"2021-03-26",430,5.23263533470838,-0.0338485902442482,5.30732254419682,5.3060026749684,0.0127985746986452,0,0.0092582128643393,1,0,1
13029,"Bryan","Georgia",-0.0347118775867814,5.2652477859839,0,5.50823092909137,"2021-03-27",431,5.18498868124104,-0.0330253512603554,5.2787399965953,5.27705347026888,0.000456581885883697,0,0.000823238983892804,1,0,1
13029,"Bryan","Georgia",-0.0413770607201112,5.17721444333047,0,5.46685386837125,"2021-03-28",432,5.13747769856998,-0.0399645956879258,5.18851416358796,5.18710169855577,-0.0066651831333298,0,-0.0069392444275704,-1,0,-1
13029,"Bryan","Georgia",-0.0450554450521904,5.10641030795372,0,5.42179842331906,"2021-03-29",433,5.09287339233323,-0.0414888373433209,5.13494316962468,5.13137656191581,-0.0036783843320792,0,-0.0015242416553951,-1,0,-1
13029,"Bryan","Georgia",-0.0471816101016338,5.04434554250599,0,5.37461681321743,"2021-03-30",434,5.06620514525107,-0.0448783872718963,5.06277132514389,5.06046810231416,-0.0021261650494434,0,-0.0033895499285754,-1,0,-1
13029,"Bryan","Georgia",-0.0509102126645664,4.96733511190089,0,5.32370660055286,"2021-03-31",435,5.03880617106295,-0.0484724632712142,4.98683710704772,4.98439935765436,-0.0037286025629326,0,-0.00359407599931789,-1,0,-1
13029,"Bryan","Georgia",-0.0368836134305499,5.02863769310845,0,5.2868229871223,"2021-04-01",436,5.01063529409626,-0.0368671835556844,5.02876913210739,5.02875270223251,0.0140265992340165,0,0.0116052797155298,1,0,1
13029,"Bryan","Georgia",-0.0541876524139092,4.85332176781102,0,5.23263533470838,"2021-04-02",437,4.9894602969598,-0.0471302707534849,4.90978082109442,4.90272343943399,-0.0173040389833593,0,-0.0102630871978005,-1,0,-1
13029,"Bryan","Georgia",-0.0476466534673506,4.85146210696958,0,5.18498868124104,"2021-04-03",438,4.96284463025991,-0.0439275623766612,4.88121483569509,4.87749574460441,0.0065409989465586,0,0.0032027083768237,1,0,1
13029,"Bryan","Georgia",-0.0475109826710505,4.80490081987263,0,5.13747769856998,"2021-04-04",439,4.94977254869255,-0.0438225701766041,4.83440811982821,4.83071970733375,0.0001356707963001,0,0.000104992200057101,1,0,1
13029,"Bryan","Georgia",-0.0446043062367508,4.78064324867597,0,5.09287339233323,"2021-04-05",440,4.93652732194253,-0.0423169485038651,4.79894211053906,4.79665475280617,0.0029066764342997,0,0.001505621672739,1,0,1
13029,"Bryan","Georgia",-0.0266682470821629,4.87952741567593,0,5.06620514525107,"2021-04-06",441,4.90949864955462,-0.0282942108030943,4.86651970590848,4.86814566962941,0.0179360591545879,0,0.0140227377007708,1,0,1
13029,"Bryan","Georgia",-0.0273989741881185,4.84701335174612,0,5.03880617106295,"2021-04-07",442,4.89142266563028,-0.0287540903126659,4.83617242274974,4.83752753887429,-0.000730727105955599,0,-0.0004598795095716,-1,0,-1
13029,"Bryan","Georgia",-0.0281708769666927,4.81343915532941,0,5.01063529409626,"2021-04-08",443,4.87628724156518,-0.0286760333649088,4.80939790414368,4.8099030605419,-0.0007719027785742,0,7.80569477570985e-05,-1,0,1
13029,"Bryan","Georgia",-0.0211749971364573,4.8412353170046,0,4.9894602969598,"2021-04-09",444,4.85759510855303,-0.024075228220688,4.81803346833076,4.82093369941498,0.0069958798302354,0,0.0046008051442208,1,0,1
13029,"Bryan","Georgia",-0.026615666699894,4.77653496336065,0,4.96284463025991,"2021-04-10",445,4.82487927485367,-0.0259102365866671,4.78217840426646,4.78147297415324,-0.0054406695634367,0,-0.0018350083659791,-1,0,-1
13029,"Bryan","Georgia",-0.0130720815673518,4.85826797772109,0,4.94977254869255,"2021-04-11",446,4.80284939843637,-0.0154259715301054,4.83943685801907,4.84179074798181,0.0135435851325422,0,0.0104842650565617,1,0,1
13029,"Bryan","Georgia",-0.0132452267500215,4.84381073469238,0,4.93652732194253,"2021-04-12",447,4.78630055741189,-0.014835667759352,4.83108720661773,4.83267764762707,-0.0001731451826697,0,0.000590303770753401,-1,0,1
13029,"Bryan","Georgia",-0.0270286723879155,4.72029794283921,0,4.90949864955462,"2021-04-13",448,4.76217393479776,-0.0257598273173192,4.73044870340398,4.72917985833339,-0.013783445637894,0,-0.0109241595579672,-1,0,-1
13029,"Bryan","Georgia",-0.0180759839243392,4.7648907781599,0,4.89142266563028,"2021-04-14",449,4.7349445297349,-0.0188082475372429,4.75903266925668,4.75976493286958,0.0089526884635763,0,0.0069515797800763,1,0,1
13029,"Bryan","Georgia",-0.0151354240650968,4.7703392731095,0,4.87628724156518,"2021-04-15",450,4.71722254693549,-0.0169094082659875,4.75614739950238,4.75792138370327,0.0029405598592424,0,0.0018988392712554,1,0,1
13029,"Bryan","Georgia",-0.018692133012152,4.72675017746796,0,4.85759510855303,"2021-04-16",451,4.69787958409236,-0.0202570315397568,4.71423098924713,4.71579588777473,-0.0035567089470552,0,-0.0033476232737693,-1,0,-1
13029,"Bryan","Georgia",-0.0327158336993534,4.5958684389582,0,4.82487927485367,"2021-04-17",452,4.71849887129509,-0.0290614553357984,4.62510346586664,4.62144908750308,-0.0140237006872014,0,-0.0088044237960416,-1,0,-1
13029,"Bryan","Georgia",-0.0220298764172998,4.64864026351527,0,4.80284939843637,"2021-04-18",453,4.72991307257953,-0.0212073379393407,4.65522057133894,4.65439803286099,0.0106859572820536,0,0.0078541173964577,1,0,1
13029,"Bryan","Georgia",-0.016548841024475,4.67045867024057,0,4.78630055741189,"2021-04-19",454,4.74368912012365,-0.0192558682072167,4.64880245277864,4.65150947996137,0.0054810353928248,0,0.001951469732124,1,0,1
13029,"Bryan","Georgia",-0.0241266226141401,4.59328757649878,0,4.76217393479776,"2021-04-20",455,4.74617359345131,-0.023902532030261,4.5950803011698,4.59485621058593,-0.0075777815896651,0,-0.0046466638230443,-1,0,-1
13029,"Bryan","Georgia",-0.0272294050628575,4.5443386942949,0,4.7349445297349,"2021-04-21",456,4.74244456489145,-0.0255401841874925,4.55785246129782,4.55616324042245,-0.0031027824487174,0,-0.0016376521572315,-1,0,-1
13029,"Bryan","Georgia",-0.0177219827994112,4.59316866733961,0,4.71722254693549,"2021-04-22",457,4.74493212836325,-0.0172970943767593,4.59656777472083,4.59614288629818,0.0095074222634463,0,0.0082430898107332,1,0,1
13029,"Bryan","Georgia",-0.0193429628431253,4.56247884419048,0,4.69787958409236,"2021-04-23",458,4.74988876800318,-0.0199536389242825,4.55759343554123,4.55820411162238,-0.0016209800437141,0,-0.0026565445475232,-1,0,-1
13029,"Bryan","Georgia",0.0206192872027316,4.86283388171422,0.0206192872027327,4.86283388171422,"2021-04-24",459,4.74493212836325,0.0183527759155194,4.84470179141652,4.84696830270373,0.0399622500458569,0.0206192872027327,0.0383064148398019,1,1,1
13029,"Bryan","Georgia",0.0114142012844389,4.8098124815706,0.0114142012844383,4.8098124815706,"2021-04-25",460,4.72991307257953,0.00978188656919701,4.79675396384867,4.79838627856391,-0.0092050859182927,-0.0092050859182944,-0.00857088934632239,-1,-1,-1
13029,"Bryan","Georgia",0.0137760475441224,4.84012145293251,0.0137760475441215,4.8401214529325,"2021-04-26",461,4.70566172453442,0.0141745622391197,4.84330957049249,4.84291105579749,0.0023618462596835,0.0023618462596832,0.00439267566992269,1,1,1
13029,"Bryan","Georgia",0.00248447332765789,4.76356490674492,0.00248447332765966,4.76356490674493,"2021-04-27",462,4.69527202068527,0.00659686565375485,4.79646404535369,4.79235165302759,-0.0112915742164645,-0.0112915742164618,-0.00757769658536485,-1,-1,-1
13029,"Bryan","Georgia",-0.00372902855986488,4.7163413649724,0,4.74244456489145,"2021-04-28",463,4.68213122712422,-0.00750845710233214,4.68610593663265,4.68988536517513,-0.00621350188752277,-0.00248447332765966,-0.014105322756087,-1,-1,-1
13029,"Bryan","Georgia",0.00248756347180012,4.76234507266585,0.00248756347179935,4.76234507266585,"2021-04-29",464,4.66343909411207,0.00418629334269633,4.77593491163302,4.77423618176212,0.006216592031665,0.00248756347179935,0.0116947504450285,1,1,1
13029,"Bryan","Georgia",0.00495663963993189,4.78458524548271,0.00495663963993209,4.78458524548271,"2021-04-30",465,4.63472898822964,0.00786072430409298,4.80781792279599,4.80491383813183,0.00246907616813177,0.00246907616813274,0.00367443096139665,1,1,1
13029,"Bryan","Georgia",-0.00495663963993189,4.71023565088373,0,4.74493212836325,"2021-05-01",466,4.61512051684126,-0.00757561219554664,4.68928387043881,4.69190284299442,-0.00991327927986378,-0.00495663963993209,-0.0154363364996396,-1,-1,-1
13029,"Bryan","Georgia",-0.0150190557837192,4.6247796820935,0,4.72991307257953,"2021-05-02",467,4.60659773797928,-0.0134847493587696,4.63705413349309,4.63551982706814,-0.0100624161437873,0,-0.00590913716322296,-1,0,-1
13029,"Bryan","Georgia",-0.0242513480451167,4.5359022882186,0,4.70566172453442,"2021-05-03",468,4.60802325497049,-0.0214717587182746,4.55813900283333,4.5553594135065,-0.0092322922613975,0,-0.007987009359505,-1,0,-1
13029,"Bryan","Georgia",-0.0103897038491421,4.62254409374128,0,4.69527202068527,"2021-05-04",469,4.59943951127911,-0.0110579996403445,4.61719772741166,4.61786602320286,0.0138616441959746,0,0.0104137590779301,1,0,1
13029,"Bryan","Georgia",-0.0131407935610511,4.59014567219686,0,4.68213122712422,"2021-05-05",470,4.59367580656236,-0.0125040513688398,4.59523960973455,4.59460286754234,-0.002751089711909,0,-0.0014460517284953,-1,0,-1
13029,"Bryan","Georgia",-0.0186921330121572,4.53259416302697,0,4.66343909411207,"2021-05-06",471,4.57911950878815,-0.0172311199110778,4.5442822678356,4.54282125473453,-0.0055513394511061,0,-0.004727068542238,-1,0,-1
13029,"Bryan","Georgia",-0.0287101058824329,4.43375824705261,0,4.63472898822964,"2021-05-07",472,4.57176112385696,-0.0262032077121081,4.45381343241521,4.45130653424488,-0.0100179728702757,0,-0.0089720878010303,-1,0,-1
13029,"Bryan","Georgia",-0.019608471388374,4.47786121712264,0,4.61512051684126,"2021-05-08",473,4.55987391107292,-0.0193755646078144,4.47972447136712,4.47949156458656,0.0091016344940589,0,0.0068276431042937,1,0,1
13029,"Bryan","Georgia",-0.00852277886198485,4.54693828594538,0,4.60659773797928,"2021-05-09",474,4.53566698022112,-0.00975763551607737,4.53705943271264,4.53829428936674,0.0110856925263891,0,0.00961792909173703,1,0,1
13029,"Bryan","Georgia",0.00142551699121981,4.61800187390903,0.00142551699121896,4.61800187390903,"2021-05-10",475,4.50297924509154,0.00386907604349179,4.63755034632721,4.63510678727493,0.00994829585320466,0.00142551699121896,0.0136267115595692,1,1,1
13029,"Bryan","Georgia",-0.00858374369138999,4.53935330543938,0,4.59943951127911,"2021-05-11",476,4.47408477909183,-0.0115649867577482,4.5155033609085,4.51848460397487,-0.0100092606826098,-0.00142551699121896,-0.01543406280124,-1,-1,-1
13029,"Bryan","Georgia",-0.00576370471674883,4.55332987354512,0,4.59367580656236,"2021-05-12",477,4.46590811865458,-0.00902016598012364,4.52727818343812,4.5305346447015,0.00282003897464116,0,0.00254482077762456,1,0,1
13029,"Bryan","Georgia",-0.0145562977742086,4.47722542436869,0,4.57911950878815,"2021-05-13",478,4.46754880811204,-0.0141741954917784,4.48028224262813,4.4799001403457,-0.00879259305745977,0,-0.00515402951165476,-1,0,-1
13029,"Bryan","Georgia",-0.00735838493118619,4.52025242933866,0,4.57176112385696,"2021-05-14",479,4.46261864200418,-0.00948197315528689,4.50326372354585,4.50538731176995,0.00719791284302241,0,0.00469222233649151,1,0,1
13029,"Bryan","Georgia",-0.0118872127840443,4.4766634215846,0,4.55987391107292,"2021-05-15",480,4.460969837014,-0.011937648783807,4.4762599335865,4.47631036958627,-0.00452882785285811,0,-0.00245567562852011,-1,0,-1
13029,"Bryan","Georgia",-0.024206930851803,4.3662184642585,0,4.53566698022112,"2021-05-16",481,4.460969837014,-0.0238425369446694,4.36913361551556,4.36876922160843,-0.0123197180677587,0,-0.0119048881608624,-1,0,-1
13029,"Bryan","Georgia",-0.032687735129573,4.27416509918453,0,4.50297924509154,"2021-05-17",482,4.46754880811204,-0.0295881344021932,4.29896190500357,4.29586230427619,-0.00848080427777,0,-0.0057455974575238,-1,0,-1
13029,"Bryan","Georgia",-0.0288944659997125,4.27182351709384,0,4.47408477909183,"2021-05-18",483,4.47082213345701,-0.0267393824205853,4.28906418572686,4.28690910214773,0.0037932691298605,0,0.0028487519816079,1,0,1
13029,"Bryan","Georgia",-0.00817666043724581,4.40867149559386,0,4.46590811865458,"2021-05-19",484,4.45931830897553,-0.011145801170891,4.3849183697247,4.38788751045834,0.0207178055624667,0,0.0155935812496943,1,0,1
13029,"Bryan","Georgia",0.00164068945745965,4.47903363431426,0.00164068945745921,4.47903363431426,"2021-05-20",485,4.44265125649032,0.00570190788109386,4.51152338170333,4.5074621632797,0.00981734989470546,0.00164068945745921,0.0168477090519849,1,1,1
13029,"Bryan","Georgia",-0.00493016610785791,4.42810747924918,0,4.46261864200418,"2021-05-21",486,4.4274096405217,-0.00729822260429627,4.40916302727767,4.41153108377411,-0.00657085556531756,-0.00164068945745921,-0.0130001304853901,-1,-1,-1
13029,"Bryan","Georgia",-0.00164880499018269,4.44942820208272,0,4.460969837014,"2021-05-22",487,4.40497556765943,-0.00610813641246193,4.41375355070448,4.41821288212677,0.00328136111767522,0,0.00119008619183434,1,0,1
13029,"Bryan","Georgia",-1.25607396694711e-15,4.46096983701399,0,4.460969837014,"2021-05-23",488,4.38023932409979,0.00400674261633736,4.4930237779447,4.48901703532836,0.00164880499018143,0,0.0101148790287993,1,0,1
13029,"Bryan","Georgia",0.00657897109804093,4.51360160579833,0.00657897109804129,4.51360160579833,"2021-05-24",489,4.34380542185368,0.00702652231831771,4.51718201556054,4.51673446434026,0.00657897109804219,0.00657897109804129,0.00301977970198035,1,1,1
13029,"Bryan","Georgia",0.00327332534497,4.4937354108718,0.00327332534496971,4.4937354108718,"2021-05-25",490,4.30213272545312,0.00611824615952174,4.51649477738821,4.51364985657366,-0.00330564575307093,-0.00330564575307158,-0.00090827615879597,-1,-1,-1
13029,"Bryan","Georgia",-0.0115038244814832,4.37879153760514,0,4.45931830897553,"2021-05-26",491,4.26066577766961,-0.0129916841801006,4.36688866001621,4.36837651971483,-0.0147771498264532,-0.00327332534496971,-0.0191099303396223,-1,-1,-1
13029,"Bryan","Georgia",-0.0166670524852122,4.32598188909383,0,4.44265125649032,"2021-05-27",492,4.22370058343614,-0.0188612340431654,4.30842843663021,4.31062261818816,-0.005163228003729,0,-0.0058695498630648,-1,0,-1
13029,"Bryan","Georgia",-0.01524161596862,4.32071832874136,0,4.4274096405217,"2021-05-28",493,4.19612725653204,-0.0170362558401476,4.30636120976914,4.30815584964067,0.0014254365165922,0,0.0018249782030178,1,0,1
13029,"Bryan","Georgia",-0.0224340728622696,4.24793705762354,0,4.40497556765943,"2021-05-29",494,4.16555719044736,-0.0234582108288901,4.23974395389058,4.2407680918572,-0.0071924568936496,0,-0.0064219549887425,-1,0,-1
13029,"Bryan","Georgia",-0.0247362435596415,4.2070856191823,0,4.38023932409979,"2021-05-30",495,4.14765962098982,-0.0244906102090285,4.2090506859872,4.20880505263659,-0.0023021706973719,0,-0.0010323993801384,-1,0,-1
13029,"Bryan","Georgia",-0.0364339022461087,4.08876810613092,0,4.34380542185368,"2021-05-31",496,4.13858926401986,-0.0342620170766539,4.10614318748656,4.1039713023171,-0.0116976586864672,0,-0.0097714068676254,-1,0,-1
13029,"Bryan","Georgia",-0.041672696400571,4.01042385064912,0,4.30213272545312,"2021-06-01",497,4.13402304604028,-0.040292567697915,4.02146488027036,4.02008475156772,-0.0052387941544623,0,-0.0060305506212611,-1,0,-1
13029,"Bryan","Georgia",-0.0414669477834943,3.97039714318515,0,4.26066577766961,"2021-06-02",498,4.1225154391888,-0.0390890402944809,3.98942040309727,3.98704249560824,0.000205748617076701,0,0.00120352740343409,1,0,1
13029,"Bryan","Georgia",-0.0369651942334706,3.96494422380185,0,4.22370058343614,"2021-06-03",499,4.09672268462707,-0.0334841413668387,3.9927926467349,3.98931159386827,0.0045017535500237,0,0.0056048989276422,1,0,1
13029,"Bryan","Georgia",-0.0275733269040985,4.00311396820335,0,4.19612725653204,"2021-06-04",500,4.06044301054642,-0.0283525324639796,3.9968803237243,3.99765952928418,0.0093918673293721,0,0.0051316089028591,1,0,1
13029,"Bryan","Georgia",-0.0305700660846775,3.95156672785462,0,4.16555719044736,"2021-06-05",501,4.02023659006838,-0.0301634574252928,3.9548195971297,3.95441298847031,-0.002996739180579,0,-0.0018109249613132,-1,0,-1
13029,"Bryan","Georgia",-0.0178975694575404,4.02237663478704,0,4.14765962098982,"2021-06-06",502,3.97029191355212,-0.0211848917013768,3.99607805683635,3.99936537908018,0.0126724966271371,0,0.008978565723916,1,0,1
13029,"Bryan","Georgia",-0.00907035696996471,4.07509676523011,0,4.13858926401986,"2021-06-07",503,3.91202300542815,-0.0140935494897162,4.03491122507209,4.03993441759185,0.00882721248757569,0,0.0070913422116606,1,0,1
13029,"Bryan","Georgia",-0.00456621797958066,4.10205952018321,0,4.13402304604028,"2021-06-08",504,3.86822038276975,-0.0128130578768363,4.03608480100517,4.04433164090243,0.00450413899038405,0,0.0012804916128799,1,0,1
13029,"Bryan","Georgia",-0.0115076068514818,4.04196219122842,0,4.1225154391888,"2021-06-09",505,3.8286413964891,-0.0165831036039064,4.00135821720903,4.00643371396145,-0.00694138887190114,0,-0.0037700457270701,-1,0,-1
13029,"Bryan","Georgia",-0.0257927545617304,3.91617340269495,0,4.09672268462707,"2021-06-10",506,3.78418963391826,-0.0294499521271931,3.88691582217126,3.89057301973672,-0.0142851477102486,0,-0.0128668485232867,-1,0,-1
13029,"Bryan","Georgia",-0.0362796740806475,3.80648529198189,0,4.06044301054642,"2021-06-11",507,3.84710345932883,-0.0349325481838542,3.81726229915624,3.81591517325944,-0.0104869195189171,0,-0.0054825960566611,-1,0,-1
13029,"Bryan","Georgia",-0.0402064204780333,3.73879164672215,0,4.02023659006838,"2021-06-12",508,3.91772102654278,-0.039689818415009,3.74292446322635,3.74240786116332,-0.0039267463973858,0,-0.0047572702311548,-1,0,-1
13029,"Bryan","Georgia",-0.0499446765162564,3.62067917793833,0,3.97029191355212,"2021-06-13",509,3.9863350383927,-0.0477481091965186,3.63825171649623,3.63605514917649,-0.0097382560382231,0,-0.0080582907815096,-1,0,-1
13029,"Bryan","Georgia",-0.0582689081239855,3.50414064856025,0,3.91202300542815,"2021-06-14",510,4.05797691805123,-0.0554186016823009,3.52694310009371,3.52409279365204,-0.0083242316077291,0,-0.0076704924857823,-1,0,-1
13029,"Bryan","Georgia",-0.043802622658387,3.56160202416104,0,3.86822038276975,"2021-06-15",511,4.11321304652648,-0.0425800484437385,3.57138261787824,3.57016004366358,0.0144662854655985,0,0.0128385532385624,1,0,1
13029,"Bryan","Georgia",-0.0395789862806565,3.5515884925245,0,3.8286413964891,"2021-06-16",512,4.16555719044736,-0.0407253426899149,3.54241764125043,3.5435639976597,0.0042236363777305,0,0.0018547057538236,1,0,1
13029,"Bryan","Georgia",-0.0444517625708293,3.47302729592246,0,3.78418963391826,"2021-06-17",513,4.23410650459726,-0.0435449316684962,3.48028194314113,3.47937511223879,-0.0048727762901728,0,-0.0028195889785813,-1,0,-1
13029,"Bryan","Georgia",0.0629138254105743,4.28750023720285,0.0629138254105701,4.28750023720282,"2021-06-18",514,4.2257904483556,0.037127073494273,4.08120622187244,4.10699297378874,0.107365587981404,0.0629138254105701,0.0806720051627692,1,1,1
13029,"Bryan","Georgia",0.070617567213958,4.41204399704049,0.0706175672139531,4.41204399704046,"2021-06-19",515,4.22160634183303,0.0412313174956371,4.17695399929393,4.20634024901224,0.00770374180338369,0.007703741803383,0.0041042440013641,1,1,1
13029,"Bryan","Georgia",0.0686140118499089,4.46663312134206,0.0686140118499141,4.4666331213421,"2021-06-20",516,4.21740465497933,0.0449701584224868,4.27748229392267,4.30112614735011,-0.0020035553640491,-0.002003555364039,0.0037388409268497,-1,-1,1
13029,"Bryan","Georgia",0.0716418796585162,4.55947007566084,0.0716418796585279,4.55947007566092,"2021-06-21",517,4.21106883653024,0.0447565996699391,4.34438783575221,4.3712731157408,0.00302786780860731,0.0030278678086138,-0.0002135587525477,1,1,-1
13029,"Bryan","Georgia",0.0552361284752578,4.49986594585329,0.0552361284752569,4.49986594585328,"2021-06-22",518,4.20041910861358,0.0383323313575388,4.36463556891154,4.38153936602925,-0.0164057511832584,-0.016405751183271,-0.0064242683124003,-1,-1,-1
13029,"Bryan","Georgia",0.0523441439208889,4.53196619789359,0.0523441439208812,4.53196619789353,"2021-06-23",519,4.18748789394134,0.0381975266611658,4.41879325981581,4.43293987707552,-0.0028919845543689,-0.0028919845543757,-0.000134804696373003,-1,-1,-1
13029,"Bryan","Georgia",0.0685493141498952,4.71395170364653,0.0685493141498954,4.71395170364653,"2021-06-24",520,4.16777203077692,0.0416156102035653,4.49848207207588,4.52541577602222,0.0162051702290063,0.0162051702290142,0.0034180835423995,1,1,1
13029,"Bryan","Georgia",-0.00831605624165561,4.16757805466401,0,4.2257904483556,"2021-06-25",521,4.14765962098982,-0.0107434734961459,4.14815871662809,4.15058613388258,-0.0768653703915508,-0.0685493141498954,-0.0523590836997112,-1,-1,-1
13029,"Bryan","Georgia",-0.00418410652257492,4.192317596175,0,4.22160634183303,"2021-06-26",522,4.13630876132113,-0.00927449794601612,4.15159446478747,4.15668485621092,0.00413194971908069,0,0.00146897555012978,1,0,1
13029,"Bryan","Georgia",-0.00420168685370009,4.18799284700343,0,4.21740465497933,"2021-06-27",523,4.13402304604028,-0.00926105678491389,4.14751788755372,4.15257725748493,-1.75803311251704e-05,0,1.344116110223e-05,-1,0,1
13029,"Bryan","Georgia",-0.00633581844908802,4.16671810738663,0,4.21106883653024,"2021-06-28",524,4.13630876132113,-0.00753954015129654,4.15708833376896,4.15829205547116,-0.00213413159538793,0,0.00172151663361735,-1,0,1
13029,"Bryan","Georgia",-0.0106497279166568,4.12587101319699,0,4.20041910861358,"2021-06-29",525,4.13630876132113,-0.0105608087570746,4.12658236647364,4.12649344731406,-0.00431390946756878,0,-0.00302126860577806,-1,0,-1
13029,"Bryan","Georgia",-0.0129312146722481,4.0969693912356,0,4.18748789394134,"2021-06-30",526,4.13173209429372,-0.0120853332642957,4.10373644249921,4.10289056109127,-0.0022814867555913,0,-0.0015245245072211,-1,0,-1
13029,"Bryan","Georgia",-0.0197158631644176,4.02976098862599,0,4.16777203077692,"2021-07-01",527,4.13173209429372,-0.0198370272141402,4.02879167622822,4.02891284027794,-0.0067846484921695,0,-0.0077516939498445,-1,0,-1
13029,"Bryan","Georgia",-0.0201124097870953,4.00687275248016,0,4.14765962098982,"2021-07-02",528,4.14313472639153,-0.019549349234001,4.01137723690491,4.01081417635181,-0.000396546622677699,0,0.000287677980139199,-1,0,1
13029,"Bryan","Georgia",-0.0113508596686863,4.05685274364033,0,4.13630876132113,"2021-07-03",529,4.06535702534885,-0.0116996249287506,4.05406262155982,4.05441138681988,0.008761550118409,0,0.0078497243052504,1,0,1
13029,"Bryan","Georgia",-0.00228571528085635,4.11802303907428,0,4.13402304604028,"2021-07-04",530,3.9756682705885,-0.00893384746341254,4.06483798161383,4.07148611379639,0.00906514438782995,0,0.00276577746533806,1,0,1
13029,"Bryan","Georgia",0.00228571528085672,4.15230876828713,0.00228571528085642,4.15230876828713,"2021-07-05",531,3.87417278129705,0.00579924755984552,4.18041702651904,4.17690349424005,0.00457143056171307,0.00228571528085642,0.0147330950232581,1,1,1
13029,"Bryan","Georgia",0,4.13630876132113,0,4.13630876132113,"2021-07-06",532,3.78418963391826,-0.0133741247842019,4.02931576304752,4.04268988783172,-0.00228571528085672,-0.00228571528085642,-0.0191733723440474,-1,-1,-1
13029,"Bryan","Georgia",-0.00457666702741333,4.09969542510183,0,4.13173209429372,"2021-07-07",533,3.71357206670431,-0.00848448865597413,4.06843285207334,4.0723406737019,-0.00457666702741333,0,0.00488963612822777,-1,0,1
13029,"Bryan","Georgia",0,4.13173209429372,0,4.13173209429372,"2021-07-08",534,3.64507683145554,-0.0078654136800046,4.06880878485368,4.07667419853369,0.00457666702741333,0,0.00061907497596953,1,0,1
13029,"Bryan","Georgia",0.0114026320978129,4.22295315107622,0.0114026320978118,4.22295315107622,"2021-07-09",535,3.56347818757266,0.0129875808779765,4.23563274131753,4.23404779253737,0.0114026320978129,0.0114026320978118,0.0208529945579811,1,1,1
13029,"Bryan","Georgia",-0.0777777010426965,3.52091311804997,0,4.06535702534885,"2021-07-10",536,3.62243435470578,-0.0587895890169416,3.672818014256,3.65382990223026,-0.0891803331405094,-0.0114026320978118,-0.0717771698949181,-1,-1,-1
13029,"Bryan","Georgia",-0.0896887547603441,3.34784698726609,0,3.9756682705885,"2021-07-11",537,3.67086094861126,-0.0648211894422756,3.54678750981065,3.52191994449257,-0.0119110537176476,0,-0.00603160042533401,-1,0,-1
13029,"Bryan","Georgia",-0.101495489291437,3.16370435625699,0,3.87417278129705,"2021-07-12",538,NA,-0.0679493891140827,3.43207315767584,3.39852705749847,-0.0118067345310929,0,-0.00312819967180709,-1,0,-1
13029,"Bryan","Georgia",-0.0899831473787868,3.15430760226675,0,3.78418963391826,"2021-07-13",539,NA,-0.065296428175664,3.35180135589174,3.32711463668861,0.0115123419126502,0,0.0026529609384187,1,0,1
13029,"Bryan","Georgia",-0.0706175672139404,3.21924909620673,0,3.71357206670431,"2021-07-14",540,NA,-0.0544362948189915,3.34869927536633,3.33251800297137,0.0193655801648464,0,0.0108601333566725,1,0,1
13029,"Bryan","Georgia",-0.0684952352487637,3.1656101847142,0,3.64507683145554,"2021-07-15",541,NA,-0.0503807492490134,3.3105260727122,3.29241158671245,0.00212233196517669,0,0.0040555455699781,1,0,1
13029,"Bryan","Georgia",-0.0815986438828644,2.99228768039261,0,3.56347818757266,"2021-07-16",542,NA,-0.0567844546957567,3.19080119388949,3.16598700470236,-0.0131034086341007,0,-0.0064037054467433,-1,0,-1
13029,"Bryan","Georgia",0.0589561671331178,4.03512752463761,0.0589561671331182,4.03512752463761,"2021-07-17",543,NA,0.0507558858238943,3.96952527416381,3.97772555547304,0.140554811015982,0.0589561671331182,0.107540340519651,1,1,1
13029,"Bryan","Georgia",0.0484265939054824,4.00984710594964,0.0484265939054755,4.00984710594959,"2021-07-18",544,NA,0.0460387433506125,3.99074430151068,3.99313215206555,-0.0105295732276354,-0.0105295732276427,-0.0047171424732818,-1,-1,-1
