"fips","county","state","r.lm","predicted.lm","r.slm","predicted.slm","date.y","days_from_start.y","log_rolled_cases.y","tau.hat","predicted.grf.future.0","predicted.grf.future.last","D.r.lm","D.r.slm","D.tau.hat","B.D.r.lm","B.D.r.slm","B.D.tau.hat"
21077,"Gallatin","Kentucky",0.187038546672102,4.49915811469966,0.187038546672096,4.49915811469962,"2020-06-08",139,3.78418963391826,0.108518010361788,3.87099382421716,3.94951436052747,NA,NA,NA,NA,NA,NA
21077,"Gallatin","Kentucky",0.187211542088138,4.68758062470006,0.187211542088146,4.68758062470012,"2020-06-09",140,3.79709303875417,0.121532688339509,4.16214979471102,4.22782864845966,0.000172995416035993,0.000172995416050009,0.013014677977721,1,1,1
21077,"Gallatin","Kentucky",0.1534535727931,4.6047284124279,0.153453572793101,4.6047284124279,"2020-06-10",141,3.80666248977032,0.114193470603724,4.29064759491289,4.32990769710227,-0.033757969295038,-0.033757969295045,-0.007339217735785,-1,-1,-1
21077,"Gallatin","Kentucky",0.121958407066868,4.50622065941114,0.121958407066866,4.50622065941112,"2020-06-11",142,3.81614123372486,0.104913676981299,4.36986281872659,4.38690754881215,-0.031495165726232,-0.031495165726235,-0.00927979362242501,-1,-1,-1
21077,"Gallatin","Kentucky",0.0434851119397391,4.00039270546097,0.0434851119397388,4.00039270546097,"2020-06-12",143,3.8286413964891,0.046362205142803,4.02340945108548,4.02053235788242,-0.0784732951271289,-0.0784732951271272,-0.058551471838496,-1,-1,-1
21077,"Gallatin","Kentucky",0.0314161962333793,3.94732649174983,0.031416196233379,3.94732649174983,"2020-06-13",144,3.85318250540521,0.0350995948145023,3.97679368039882,3.9731102818177,-0.0120689157063598,-0.0120689157063598,-0.0112626103283007,-1,-1,-1
21077,"Gallatin","Kentucky",0.0304592074847076,3.97108677799384,0.030459207484709,3.97108677799385,"2020-06-14",145,3.86822038276975,0.0333311918557273,3.994062652962,3.99119066859098,-0.000956988748671703,-0.000956988748669996,-0.001768402958775,-1,-1,-1
21077,"Gallatin","Kentucky",0.0263173083173733,3.96841079213987,0.0263173083173722,3.96841079213987,"2020-06-15",146,3.88303546855489,0.0336782723427072,4.02729850434255,4.01993754031721,-0.0041418991673343,-0.0041418991673368,0.0003470804869799,-1,-1,1
21077,"Gallatin","Kentucky",0.0129034048359084,3.88741687260553,0.0129034048359085,3.88741687260553,"2020-06-16",147,3.89182029811063,0.0177554049626685,3.92623287361961,3.92138087349285,-0.0134139034814649,-0.0134139034814637,-0.0159228673800387,-1,-1,-1
21077,"Gallatin","Kentucky",0.00956945101614998,3.87364864688337,0.00956945101615014,3.87364864688337,"2020-06-17",148,3.89473150831808,0.00892244236424331,3.86847257766812,3.86911958632002,-0.00333395381975842,-0.00333395381975836,-0.00883296259842519,-1,-1,-1
21077,"Gallatin","Kentucky",0.00947874395454455,3.88249244140667,0.0094787439545434,3.88249244140667,"2020-06-18",149,3.8859723282282,0.0146552123959389,3.92390418893783,3.91872772049643,-9.07070616054297e-05,-9.07070616067394e-05,0.00573277003169559,-1,-1,1
21077,"Gallatin","Kentucky",0.0125001627642317,3.91614253583872,0.012500162764232,3.91614253583872,"2020-06-19",150,3.86822038276975,0.0159706581061021,3.94390649857368,3.94043600323181,0.00302141880968715,0.0030214188096886,0.0013154457101632,1,1,1
21077,"Gallatin","Kentucky",0.0245411089161174,4.02497026781803,0.0245411089161167,4.02497026781803,"2020-06-20",151,3.78093759853188,0.0263448426562379,4.039400137739,4.03759640399888,0.0120409461518857,0.0120409461518847,0.0103741845501358,1,1,1
21077,"Gallatin","Kentucky",0.0150378773645428,3.97348552432155,0.0150378773645423,3.97348552432155,"2020-06-21",152,3.68530163276605,0.0181107990784488,3.9980688980328,3.99499597631889,-0.0095032315515746,-0.0095032315515744,-0.0082340435777891,-1,-1,-1
21077,"Gallatin","Kentucky",0.0148150857851407,3.98674106905088,0.0148150857851403,3.98674106905088,"2020-06-22",153,3.57954279007647,0.0189490318195122,4.01981263732585,4.01567869129148,-0.000222791579402101,-0.000222791579402,0.000838232741063399,-1,-1,1
21077,"Gallatin","Kentucky",0.00878482955573217,3.95331410500075,0.00878482955573201,3.95331410500075,"2020-06-23",154,3.46126162240481,0.013657151332884,3.99229267921796,3.98742035744082,-0.00603025622940853,-0.00603025622940829,-0.0052918804866282,-1,-1,-1
21077,"Gallatin","Kentucky",0.00291121020745904,3.9151099797703,0.00291121020745777,3.91510997977029,"2020-06-24",155,3.29583686600433,0.00990647318075084,3.97107208355664,3.96407682058334,-0.00587361934827313,-0.00587361934827424,-0.00375067815213316,-1,-1,-1
21077,"Gallatin","Kentucky",-0.00875918008988108,3.82465806759904,0,3.8859723282282,"2020-06-25",156,3.10394585819422,-0.0177230325006739,3.75294724831269,3.76191110072348,-0.0116703902973401,-0.00291121020745777,-0.0276295056814247,-1,-1,-1
21077,"Gallatin","Kentucky",0.0822380982369771,3.6536370594498,0.0822380982369717,3.65363705944976,"2020-11-01",285,3.27983652465789,0.0828838132230339,3.65880277933826,3.6581570643522,0.0909972783268582,0.0822380982369717,0.100606845723708,1,1,1
21077,"Gallatin","Kentucky",0.0759859069779205,3.68585762761433,0.0759859069779214,3.68585762761433,"2020-11-02",286,3.27444567602301,0.0801450177888719,3.71913051410194,3.71497140329098,-0.0062521912590566,-0.0062521912590503,-0.002738795434162,-1,-1,-1
21077,"Gallatin","Kentucky",0.0417971286784614,3.48833330819658,0.0417971286784615,3.48833330819658,"2020-11-03",287,3.27983652465789,0.0495139164438861,3.55006761031997,3.54235082255455,-0.0341887782994591,-0.0341887782994599,-0.0306311013449858,-1,-1,-1
21077,"Gallatin","Kentucky",0.0231224174208543,3.38073274681418,0.0231224174208551,3.38073274681419,"2020-11-04",288,3.26902560855367,0.0282755116127752,3.42195750034955,3.41680440615763,-0.0186747112576071,-0.0186747112576064,-0.0212384048311109,-1,-1,-1
21077,"Gallatin","Kentucky",0.0281708769666973,3.44424284060178,0.028170876966696,3.44424284060177,"2020-11-05",289,3.26902560855367,0.0326744902945516,3.48027174722461,3.47576813389676,0.005048459545843,0.0050484595458409,0.0043989786817764,1,1,1
21077,"Gallatin","Kentucky",0.0165293019512096,3.37928111744457,0.0165293019512096,3.37928111744457,"2020-11-06",290,3.26902560855367,0.0214195315984589,3.41840295462257,3.41351272497532,-0.0116415750154877,-0.0116415750154864,-0.0112549586960927,-1,-1,-1
21077,"Gallatin","Kentucky",0.0216224640131678,3.43655571589145,0.0216224640131668,3.43655571589144,"2020-11-07",291,3.25809653802148,0.0252651985455615,3.4656975921506,3.4620548576182,0.0050931620619582,0.0050931620619572,0.0038456669471026,1,1,1
21077,"Gallatin","Kentucky",-0.00536194314138441,3.2423029226682,0,3.27983652465789,"2020-11-08",292,3.27983652465789,-0.00397692252561825,3.25338308759432,3.25199806697856,-0.0269844071545522,-0.0216224640131668,-0.0292421210711798,-1,-1,-1
21077,"Gallatin","Kentucky",-0.00539084863487768,3.23670973557887,0,3.27444567602301,"2020-11-09",293,3.32194801000801,-0.00595970287990483,3.23215890161865,3.23272775586368,-2.89054934932698e-05,0,-0.00198278035428658,-1,0,-1
21077,"Gallatin","Kentucky",0.00539084863487811,3.31757246510204,0.0053908486348786,3.31757246510204,"2020-11-10",294,3.36729582998647,0.00840161166286359,3.34165856932592,3.33864780629794,0.0107816972697558,0.0053908486348786,0.0143613145427684,1,1,1
21077,"Gallatin","Kentucky",-0.0108109161042186,3.19334919582414,0,3.26902560855367,"2020-11-11",295,3.4106761256167,-0.00706090099981047,3.22334931665941,3.219599301555,-0.0162017647390967,-0.0053908486348786,-0.0154625126626741,-1,-1,-1
21077,"Gallatin","Kentucky",6.28036983473505e-16,3.26902560855368,0,3.26902560855367,"2020-11-12",296,3.43858491373377,0.00842488549264845,3.33642469249486,3.32799980700221,0.0108109161042192,0,0.0154857864924589,1,0,1
21077,"Gallatin","Kentucky",6.28036983473505e-16,3.26902560855368,0,3.26902560855367,"2020-11-13",297,3.47903986842609,0.00701780182434804,3.32516802314845,3.31815022132411,0,0,-0.00140708366830041,0,0,-1
21077,"Gallatin","Kentucky",-0.0109290705321925,3.18159304429613,0,3.25809653802148,"2020-11-14",298,3.51367536508885,-0.00998029288883589,3.18918326544298,3.18823448779963,-0.0109290705321931,0,-0.0169980947131839,-1,0,-1
21077,"Gallatin","Kentucky",0.021739986636408,3.43201643111274,0.021739986636407,3.43201643111274,"2020-11-15",299,3.53888678443534,0.0240670742835092,3.45063313228955,3.44830604464245,0.0326690571686005,0.021739986636407,0.0340473671723451,1,1,1
21077,"Gallatin","Kentucky",0.0421114853501249,3.61672840745889,0.0421114853501252,3.61672840745889,"2020-11-16",300,3.55942138687705,0.0464967483778541,3.65181051168072,3.64742524865299,0.0203714987137169,0.0203714987137182,0.0224296740943449,1,1,1
21077,"Gallatin","Kentucky",0.0453478199784632,3.68473056983572,0.0453478199784598,3.68473056983569,"2020-11-17",301,3.60316593583991,0.0506396540630079,3.72706524251207,3.72177340842753,0.0032363346283383,0.0032363346283346,0.0041429056851538,1,1,1
21077,"Gallatin","Kentucky",0.0433802956302261,3.71433819502828,0.0433802956302256,3.71433819502828,"2020-11-18",302,3.65620867182439,0.0451358278567924,3.72838245284081,3.72662692061425,-0.0019675243482371,-0.0019675243482342,-0.0055038262062155,-1,-1,-1
21077,"Gallatin","Kentucky",0.0279087881170742,3.63394643055329,0.0279087881170748,3.6339464305533,"2020-11-19",303,3.70306408910589,0.0274527796645497,3.6302983629331,3.63075437138562,-0.0154715075131519,-0.0154715075131508,-0.0176830481922427,-1,-1,-1
21077,"Gallatin","Kentucky",0.0404549546923135,3.76222455127228,0.0404549546923141,3.76222455127229,"2020-11-20",304,3.75118333745009,0.0406542020148385,3.76381852985248,3.76361928252996,0.0125461665752393,0.0125461665752393,0.0132014223502888,1,1,1
21077,"Gallatin","Kentucky",0.0346354966627571,3.75612384172815,0.0346354966627578,3.75612384172815,"2020-11-21",305,3.80666248977032,0.0365509008334555,3.77144707509373,3.76953167092304,-0.0058194580295564,-0.0058194580295563,-0.004103301181383,-1,-1,-1
21077,"Gallatin","Kentucky",0.0252114193464958,3.71536671986081,0.0252114193464945,3.7153667198608,"2020-11-22",306,3.87120101090789,0.0263590316574157,3.72454761834818,3.72340000603725,-0.0094240773162613,-0.0094240773162633,-0.0101918691760398,-1,-1,-1
21077,"Gallatin","Kentucky",0.0205346024417078,3.703163603969,0.0205346024417077,3.703163603969,"2020-11-23",307,3.92338676407846,0.022139585050066,3.71600346483587,3.71439848222751,-0.004676816904788,-0.0046768169047868,-0.0042194466073497,-1,-1,-1
21077,"Gallatin","Kentucky",0.043744548962857,3.90937777857991,0.0437445489628576,3.90937777857991,"2020-11-24",308,3.96759285658296,0.0455893223732455,3.92413596586301,3.92229119245263,0.0232099465211492,0.0232099465211499,0.0234497373231795,1,1,1
21077,"Gallatin","Kentucky",0.0530427359844803,4.02750782371575,0.0530427359844809,4.02750782371575,"2020-11-25",309,4.02023659006838,0.0529706233660986,4.0269309227687,4.02700303538708,0.00929818702162331,0.0092981870216233,0.0073813009928531,1,1,1
21077,"Gallatin","Kentucky",0.0468554172815049,4.03105201007643,0.0468554172815061,4.03105201007644,"2020-11-26",310,4.07024701064304,0.0490204690366908,4.04837242411792,4.04620737236273,-0.0061873187029754,-0.0061873187029748,-0.0039501543294078,-1,-1,-1
21077,"Gallatin","Kentucky",0.048119248344198,4.08801807585948,0.0481192483441983,4.08801807585948,"2020-11-27",311,4.15664844555826,0.0503359126406654,4.10575139023121,4.10353472593475,0.0012638310626931,0.0012638310626922,0.0013154436039746,1,1,1
21077,"Gallatin","Kentucky",0.055479152320232,4.19501655601194,0.055479152320228,4.19501655601192,"2020-11-28",312,4.23203396499529,0.0553049230761967,4.19362272205966,4.1937969513037,0.007359903976034,0.0073599039760297,0.0049690104355313,1,1,1
21077,"Gallatin","Kentucky",0.0645385211375662,4.32297065887085,0.0645385211375715,4.32297065887089,"2020-11-29",313,4.30406509320417,0.0619394745942144,4.30217828652404,4.30477733306739,0.0090593688173342,0.0090593688173435,0.0066345515180177,1,1,1
21077,"Gallatin","Kentucky",0.0521857531705689,4.28868703627244,0.0521857531705705,4.28868703627245,"2020-11-30",314,4.37665509087197,0.0524815029853304,4.29105303479053,4.29075728497577,-0.0123527679669973,-0.012352767967001,-0.009457971608884,-1,-1,-1
21077,"Gallatin","Kentucky",0.0442060925044938,4.27703550411441,0.044206092504496,4.27703550411443,"2020-12-01",315,4.44433051801004,0.0452787801326147,4.28561700513938,4.28454431751126,-0.0079796606660751,-0.00797966066607449,-0.0072027228527157,-1,-1,-1
21077,"Gallatin","Kentucky",0.0526437334854239,4.38874272446635,0.0526437334854211,4.38874272446633,"2020-12-02",316,4.53106221383437,0.0536193113974183,4.39654734776231,4.39557176985031,0.0084376409809301,0.00843764098092509,0.0083405312648036,1,1,1
21077,"Gallatin","Kentucky",0.0500104205746588,4.42031995466565,0.0500104205746617,4.42031995466567,"2020-12-03",317,4.61512051684126,0.0512160919095843,4.42996532534505,4.42875965401013,-0.0026333129107651,-0.0026333129107594,-0.002403219487834,-1,-1,-1
21077,"Gallatin","Kentucky",0.0864014349152211,4.7614584899648,0.0864014349152153,4.76145848996476,"2020-12-04",318,4.66613088577778,0.0775387226932496,4.69055679218904,4.69941950441101,0.0363910143405623,0.0363910143405536,0.0263226307836653,1,1,1
21077,"Gallatin","Kentucky",0.0753855194370258,4.75973260105447,0.0753855194370319,4.75973260105451,"2020-12-05",319,4.73243196559902,0.0663073422225562,4.68710718333871,4.69618536055318,-0.0110159154781953,-0.0110159154781834,-0.0112313804706934,-1,-1,-1
21077,"Gallatin","Kentucky",0.0720311282088881,4.80828299066639,0.0720311282088826,4.80828299066635,"2020-12-06",320,4.79342647830186,0.0620510068174999,4.72844201953529,4.73842214092667,-0.0033543912281377,-0.00335439122814929,-0.0042563354050563,-1,-1,-1
21077,"Gallatin","Kentucky",0.0725899976678041,4.8847850745466,0.0725899976678006,4.88478507454658,"2020-12-07",321,4.84755598352469,0.0640043369724802,4.81609978898401,4.82468544967933,0.000558869458915992,0.00055886945891799,0.0019533301549803,1,1,1
21077,"Gallatin","Kentucky",0.0676754271380649,4.91805850797649,0.0676754271380648,4.91805850797649,"2020-12-08",322,4.89677313318311,0.0573745955075325,4.83565185493223,4.84595268656277,-0.00491457052973919,-0.00491457052973579,-0.0066297414649477,-1,-1,-1
21077,"Gallatin","Kentucky",0.0867316958243341,5.13818408460471,0.0867316958243345,5.13818408460471,"2020-12-09",323,4.93035446283545,0.0706560747463623,5.00957911598094,5.02565473705891,0.0190562686862692,0.0190562686862697,0.0132814792388298,1,1,1
21077,"Gallatin","Kentucky",0.084058303006884,5.20352863788945,0.0840583030068895,5.20352863788949,"2020-12-10",324,4.99140393216837,0.0679941712195382,5.07501558359068,5.09107971537803,-0.0026733928174501,-0.002673392817445,-0.00266190352682411,-1,-1,-1
21077,"Gallatin","Kentucky",0.0510103689365194,5.02320346833341,0.0510103689365158,5.02320346833339,"2020-12-11",325,5.06169046489654,0.0499061992686781,5.01437011099068,5.01547428065853,-0.0330479340703646,-0.0330479340703737,-0.0180879719508601,-1,-1,-1
21077,"Gallatin","Kentucky",0.0663010798212474,5.19653952434775,0.0663010798212467,5.19653952434775,"2020-12-12",326,5.11713801433286,0.0609252741381982,5.15353307888337,5.15890888456641,0.015290710884728,0.0152907108847309,0.0110190748695201,1,1,1
21077,"Gallatin","Kentucky",0.0609945127028448,5.22038806722178,0.0609945127028411,5.22038806722175,"2020-12-13",327,5.16885929931115,0.0557245068259413,5.17822802020655,5.18349802608345,-0.00530656711840261,-0.0053065671184056,-0.0052007673122569,-1,-1,-1
21077,"Gallatin","Kentucky",0.0541295052228293,5.2264625200845,0.0541295052228294,5.2264625200845,"2020-12-14",328,5.21260384827401,0.0519835587656082,5.20929494842673,5.21144089488395,-0.0068650074800155,-0.0068650074800117,-0.0037409480603331,-1,-1,-1
21077,"Gallatin","Kentucky",0.0492171496584185,5.24129318079204,0.0492171496584177,5.24129318079203,"2020-12-15",329,5.25302109163286,0.0475801563469524,5.22819723430031,5.22983422761178,-0.0049123555644108,-0.00491235556441171,-0.0044034024186558,-1,-1,-1
21077,"Gallatin","Kentucky",0.0335813296523405,5.16542377040183,0.0335813296523391,5.16542377040182,"2020-12-16",330,5.29114887706943,0.0354023791192605,5.17999216613719,5.17817111667027,-0.015635820006078,-0.0156358200060786,-0.0121777772276919,-1,-1,-1
21077,"Gallatin","Kentucky",0.0610494693329211,5.41875021749882,0.061049469332918,5.41875021749879,"2020-12-17",331,5.30401538766267,0.0564331570561572,5.38181971928471,5.38643603156147,0.0274681396805806,0.0274681396805789,0.0210307779368967,1,1,1
21077,"Gallatin","Kentucky",0.0702865327281725,5.55369619399375,0.070286532728173,5.55369619399375,"2020-12-18",332,5.30968112519835,0.0597858314334357,5.46969058363586,5.48019128493059,0.00923706339525139,0.00923706339525501,0.0033526743772785,1,1,1
21077,"Gallatin","Kentucky",0.0554475494363149,5.50527086038706,0.0554475494363196,5.5052708603871,"2020-12-19",333,5.29688777373844,0.0540124027201086,5.49378968665741,5.49522483337362,-0.0148389832918576,-0.0148389832918534,-0.0057734287133271,-1,-1,-1
21077,"Gallatin","Kentucky",0.0517212849782896,5.53090829415918,0.0517212849782913,5.53090829415919,"2020-12-20",334,5.2853768552723,0.0480069802422978,5.50119385627124,5.50490816100724,-0.0037262644580253,-0.0037262644580283,-0.0060054224778108,-1,-1,-1
21077,"Gallatin","Kentucky",0.0437445489628541,5.51881569101399,0.0437445489628576,5.51881569101401,"2020-12-21",335,5.27446368766863,0.0432305677953943,5.51470384167431,5.51521782284177,-0.0079767360154355,-0.0079767360154337,-0.0047764124469035,-1,-1,-1
21077,"Gallatin","Kentucky",0.0404172433588534,5.53594179514483,0.040417243358851,5.53594179514482,"2020-12-22",336,5.26269018890489,0.03836756485845,5.51954436714161,5.52159404564201,-0.00332730560400071,-0.0033273056040066,-0.0048630029369443,-1,-1,-1
21077,"Gallatin","Kentucky",0.0381277854365651,5.55804337512538,0.0381277854365667,5.55804337512539,"2020-12-23",337,5.22957956456891,0.0364463671051278,5.54459202847388,5.54627344680532,-0.0022894579222883,-0.00228945792228431,-0.0019211977533222,-1,-1,-1
21077,"Gallatin","Kentucky",0.0128665105932476,5.39408096181541,0.0128665105932475,5.39408096181541,"2020-12-24",338,5.18017712424381,0.0128887394041507,5.39425879230264,5.39423656349172,-0.0252612748433175,-0.0252612748433192,-0.0235576277009771,-1,-1,-1
21077,"Gallatin","Kentucky",0.00566573753567655,5.34934128794809,0.00566573753567656,5.34934128794809,"2020-12-25",339,5.12055682108164,0.00764540757904289,5.36517864829501,5.36319897825165,-0.00720077305757105,-0.00720077305757094,-0.00524333182510781,-1,-1,-1
21077,"Gallatin","Kentucky",-0.01279335145991,5.20733431351907,0,5.29688777373844,"2020-12-26",340,5.08229128300269,-0.0123954859127854,5.21051723789607,5.21011937234894,-0.0184590889955865,-0.00566573753567656,-0.0200408934918283,-1,-1,-1
21077,"Gallatin","Kentucky",-0.0115109184661464,5.20480042600927,0,5.2853768552723,"2020-12-27",341,5.02105698955867,-0.0109708537333451,5.20912094387168,5.20858087913888,0.0012824329937636,0,0.0014246321794403,1,0,1
21077,"Gallatin","Kentucky",-0.0109131676036642,5.19807151444299,0,5.27446368766863,"2020-12-28",342,4.95582705760126,-0.00973698987461577,5.20748093627537,5.20630475854632,0.0005977508624822,0,0.00123386385872933,1,0,1
21077,"Gallatin","Kentucky",-0.011773498763748,5.18027569755865,0,5.26269018890489,"2020-12-29",343,4.89034912822175,-0.0114412703671174,5.18293352473169,5.18260129633507,-0.000860331160083799,0,-0.00170428049250163,-1,0,-1
21077,"Gallatin","Kentucky",-0.0331106243359763,4.99780519421708,0,5.22957956456891,"2020-12-30",344,4.84080680154977,-0.0270565472723023,5.04623781072647,5.04018373366279,-0.0213371255722283,0,-0.0156152769051849,-1,0,-1
21077,"Gallatin","Kentucky",-0.0494024403250945,4.83436004196815,0,5.18017712424381,"2020-12-31",345,4.79697048673659,-0.036057854279902,4.94111673032969,4.9277721442845,-0.0162918159891182,0,-0.0090013070075997,-1,0,-1
21077,"Gallatin","Kentucky",-0.0596203031621755,4.70321469894641,0,5.12055682108164,"2021-01-01",346,4.71594459149,-0.0412654476229607,4.85005354326012,4.83169868772091,-0.010217862837081,0,-0.0052075933430587,-1,0,-1
21077,"Gallatin","Kentucky",-0.0382655380789517,4.81443251645003,0,5.08229128300269,"2021-01-02",347,4.61228765375696,-0.031491813096391,4.86862231631051,4.86184859132795,0.0213547650832238,0,0.0097736345265697,1,0,1
21077,"Gallatin","Kentucky",-0.0612342934440168,4.59241693545056,0,5.02105698955867,"2021-01-03",348,4.5155580272984,-0.0483067592972294,4.69583720862486,4.68290967447806,-0.0229687553650651,0,-0.0168149462008384,-1,0,-1
21077,"Gallatin","Kentucky",-0.0652299319574113,4.49921753389938,0,4.95582705760126,"2021-01-04",349,4.4188406077966,-0.0475389078246181,4.64074572696173,4.62305470282893,-0.0039956385133945,0,0.000767851472611297,-1,0,1
21077,"Gallatin","Kentucky",-0.0654779293795087,4.43200362256519,0,4.89034912822175,"2021-01-05",350,4.30599373411057,-0.0522102260658892,4.53814524907415,4.52487754576053,-0.000247997422097412,0,-0.0046713182412711,-1,0,-1
21077,"Gallatin","Kentucky",-0.049542326671986,4.49401051484587,0,4.84080680154977,"2021-01-06",351,4.20255814686233,-0.0440207362256197,4.53818323841679,4.53266164797043,0.0159356027075227,0,0.0081894898402695,1,0,1
21077,"Gallatin","Kentucky",-0.0438363148131818,4.49011628304432,0,4.79697048673659,"2021-01-07",352,4.10852919721406,-0.0413701536042769,4.50984557271556,4.50737941150665,0.0057060118588042,0,0.0026505826213428,1,0,1
21077,"Gallatin","Kentucky",-0.0810258952465803,4.14876332476394,0,4.71594459149,"2021-01-08",353,4.0990951649807,-0.0635691324139065,4.28841742742534,4.27096066459265,-0.0371895804333985,0,-0.0221989788096296,-1,0,-1
21077,"Gallatin","Kentucky",-0.103656937733043,3.88668908962566,0,4.61228765375696,"2021-01-09",354,4.11087386417331,-0.0646228131046633,4.19896208665269,4.15992796202432,-0.0226310424864627,0,-0.00105368069075679,-1,0,-1
21077,"Gallatin","Kentucky",-0.0967296264585444,3.83845064208859,0,4.5155580272984,"2021-01-10",355,4.14086457785699,-0.0632200781486097,4.10652702856808,4.07301748025813,0.00692731127449861,0,0.00140273495605359,1,0,1
21077,"Gallatin","Kentucky",-0.0967174195018139,3.7418186712839,0,4.4188406077966,"2021-01-11",356,4.16333743370905,-0.0645909992055264,3.99883003365419,3.96670361335791,1.22069567305011e-05,0,-0.00137092105691669,1,0,-1
21077,"Gallatin","Kentucky",-0.112846873686013,3.51606561830848,0,4.30599373411057,"2021-01-12",357,4.19397440317094,-0.0727452387799618,3.83687869755691,3.79677706265084,-0.0161294541841991,0,-0.0081542395744354,-1,0,-1
21077,"Gallatin","Kentucky",-0.103435587248249,3.47850903612459,0,4.20255814686233,"2021-01-13",358,4.21318523943662,-0.0657846212370482,3.77971676421418,3.74206579820299,0.009411286437764,0,0.00696061754291359,1,0,1
21077,"Gallatin","Kentucky",-0.0940289496482686,3.45032654967618,0,4.10852919721406,"2021-01-14",359,4.27864828022005,-0.0627337305579664,3.7006883023986,3.6693930833083,0.00940663759998039,0,0.00305089067908181,1,0,1
21077,"Gallatin","Kentucky",-0.00943403223336075,4.03305693934717,0,4.0990951649807,"2021-01-15",360,4.34565899050301,-0.00460167920294986,4.07171576359046,4.06688341056005,0.0845949174149078,0,0.0581320513550165,1,0,1
21077,"Gallatin","Kentucky",0.0117786991926123,4.1933247585216,0.0117786991926128,4.1933247585216,"2021-01-16",361,4.4188406077966,0.0153185204124585,4.22164332828037,4.21810350706052,0.021212731425973,0.0117786991926128,0.0199201996154084,1,1,1
21077,"Gallatin","Kentucky",0.0299907136836829,4.35079957364277,0.0299907136836826,4.35079957364277,"2021-01-17",362,4.47895887485007,0.0315675126204183,4.36341396513666,4.36183716619992,0.0182120144910706,0.0182120144910698,0.0162489922079598,1,1,1
21077,"Gallatin","Kentucky",0.0224728558520571,4.32064742467345,0.0224728558520582,4.32064742467346,"2021-01-18",363,4.55237200042112,0.0220129413614651,4.31696810874871,4.31742802323931,-0.0075178578316258,-0.0075178578316244,-0.0095545712589532,-1,-1,-1
21077,"Gallatin","Kentucky",0.0306369694618892,4.40843318940417,0.0306369694618898,4.40843318940417,"2021-01-19",364,4.61228765375696,0.033715726861915,4.43306324860437,4.42998449120435,0.0081641136098321,0.0081641136098316,0.0117027855004499,1,1,1
21077,"Gallatin","Kentucky",0.0192108362656777,4.34766109329636,0.0192108362656782,4.34766109329637,"2021-01-20",365,4.66478589566244,0.0204302657186714,4.35741652892031,4.35619709946732,-0.0114261331962115,-0.0114261331962116,-0.0132854611432436,-1,-1,-1
21077,"Gallatin","Kentucky",0.0654630407834258,4.73688956570403,0.0654630407834258,4.73688956570403,"2021-01-21",366,4.70048036579242,0.0530316754751344,4.6374386432377,4.64987000854599,0.0462522045177481,0.0462522045177476,0.032601409756463,1,1,1
21077,"Gallatin","Kentucky",0.0670107102829603,4.81473396248373,0.0670107102829602,4.81473396248373,"2021-01-22",367,4.72738781871234,0.059007071420622,4.75070485158503,4.75870849044736,0.0015476694995345,0.0015476694995344,0.0059753959454876,1,1,1
21077,"Gallatin","Kentucky",0.0731816172935906,4.93111192885173,0.0731816172935922,4.93111192885174,"2021-01-23",368,4.75112409861117,0.0598488964131247,4.82445016180801,4.83778288268847,0.00617090701063031,0.006170907010632,0.000841824992502703,1,1,1
21077,"Gallatin","Kentucky",0.0601182670534713,4.89978674422437,0.0601182670534754,4.8997867442244,"2021-01-24",369,4.76826038085416,0.0516244039632892,4.83183583950291,4.84032970259309,-0.0130633502401193,-0.0130633502401168,-0.0082244924498355,-1,-1,-1
21077,"Gallatin","Kentucky",0.0734131255710586,5.06626387941853,0.0734131255710473,5.06626387941845,"2021-01-25",370,4.77431000607998,0.0633214285681032,4.9855303033949,4.99562200039784,0.0132948585175873,0.0132948585175719,0.011697024604814,1,1,1
21077,"Gallatin","Kentucky",0.0599156533358331,5.03169722710779,0.0599156533358371,5.03169722710782,"2021-01-26",371,4.78152157579554,0.0534091819668602,4.979645456156,4.98615192752498,-0.0134974722352255,-0.0134974722352102,-0.009912246601243,-1,-1,-1
21077,"Gallatin","Kentucky",0.0524982419054841,5.03227358900083,0.0524982419054867,5.03227358900085,"2021-01-27",372,4.78986986518701,0.0507489306521039,5.01827909897379,5.02002841022717,-0.007417411430349,-0.0074174114303504,-0.0026602513147563,-1,-1,-1
21077,"Gallatin","Kentucky",0.0356944701299683,4.95034165670219,0.0356944701299717,4.95034165670222,"2021-01-28",373,4.78630055741189,0.0352844963519903,4.94706186647836,4.94747184025635,-0.0168037717755158,-0.016803771775515,-0.0154644343001136,-1,-1,-1
21077,"Gallatin","Kentucky",0.0269074529199225,4.9157399891518,0.0269074529199242,4.91573998915181,"2021-01-29",374,4.77189454596838,0.0276720094477609,4.92185644137451,4.92109188484667,-0.0087870172100458,-0.0087870172100475,-0.0076124869042294,-1,-1,-1
21077,"Gallatin","Kentucky",0.0237362798988331,4.91727805790301,0.0237362798988325,4.917278057903,"2021-01-30",375,4.73995079801304,0.0231167051715473,4.91232146008472,4.912941034812,-0.0031711730210894,-0.0031711730210917,-0.0045553042762136,-1,-1,-1
21077,"Gallatin","Kentucky",0.0171362822429891,4.88821435655508,0.0171362822429879,4.88821435655508,"2021-01-31",376,4.71210089681543,0.0179421899320908,4.8946616180679,4.8938557103788,-0.006599997655844,-0.0065999976558446,-0.0051745152394565,-1,-1,-1
21077,"Gallatin","Kentucky",0.00604962522581663,4.81665738266069,0.00604962522581687,4.8166573826607,"2021-02-01",377,4.68345310438213,0.0086146158782923,4.8371773078805,4.83461231722803,-0.0110866570171725,-0.011086657017171,-0.0093275740537985,-1,-1,-1
21077,"Gallatin","Kentucky",0.00721156971556126,4.83200256380447,0.00721156971556169,4.83200256380447,"2021-02-02",378,4.66613088577778,0.00958054057926496,4.8509543307141,4.84858535985039,0.00116194448974463,0.00116194448974482,0.000965924700972658,1,1,1
21077,"Gallatin","Kentucky",0.00834828939147065,4.84830789092731,0.00834828939147148,4.84830789092731,"2021-02-03",379,4.64439089914137,0.00948180161375399,4.85737598870557,4.85624247648329,0.00113671967590939,0.00113671967590979,-9.8738965510969e-05,1,1,-1
21077,"Gallatin","Kentucky",-0.00356930777511603,4.76131540298608,0,4.78630055741189,"2021-02-04",380,4.61935482098004,-0.00772698235439442,4.72805400635186,4.73221168093113,-0.0119175971665867,-0.00834828939147148,-0.0172087839681484,-1,-1,-1
21077,"Gallatin","Kentucky",-0.0144060114435185,4.67105246586375,0,4.77189454596838,"2021-02-05",381,4.60087526170521,-0.0153714860778967,4.66332866878872,4.6642941434231,-0.0108367036684025,0,-0.00764450372350228,-1,0,-1
21077,"Gallatin","Kentucky",-0.0319437479553303,4.51634456232573,0,4.73995079801304,"2021-02-06",382,4.58350868920691,-0.0335908169718061,4.50316801019393,4.5048150792104,-0.0175377365118118,0,-0.0182193308939094,-1,0,-1
21077,"Gallatin","Kentucky",-0.027849901197614,4.51715158843213,0,4.71210089681543,"2021-02-07",383,4.55987391107292,-0.0279150095234498,4.51663072182544,4.51669583015128,0.0040938467577163,0,0.0056758074483563,1,0,1
21077,"Gallatin","Kentucky",-0.0286477924332949,4.48291855734907,0,4.68345310438213,"2021-02-08",384,4.52798054729696,-0.0282427244450657,4.4861591012549,4.48575403326667,-0.000797891235680897,0,-0.000327714921615901,-1,0,-1
21077,"Gallatin","Kentucky",-0.0173222186043594,4.54487535554726,0,4.66613088577778,"2021-02-09",385,4.48219512362928,-0.0189432572838685,4.53190704611118,4.5335280847907,0.0113255738289355,0,0.0092994671611972,1,0,1
21077,"Gallatin","Kentucky",-0.0217399866364018,4.49221099268656,0,4.64439089914137,"2021-02-10",386,4.45101950616083,-0.0248992103189412,4.46693720322625,4.47009642690878,-0.0044177680320424,0,-0.0059559530350727,-1,0,-1
21077,"Gallatin","Kentucky",-0.0250360781613244,4.44410227385077,0,4.61935482098004,"2021-02-11",387,4.42399083377291,-0.0264942871083783,4.43243660227434,4.43389481122139,-0.0032960915249226,0,-0.0015950767894371,-1,0,-1
21077,"Gallatin","Kentucky",-0.0184795592748337,4.47151834678137,0,4.60087526170521,"2021-02-12",388,4.39091558209113,-0.0216176887842654,4.44641331070592,4.44955144021535,0.0065565188864907,0,0.0048765983241129,1,0,1
21077,"Gallatin","Kentucky",-0.0173665724982983,4.46194268171882,0,4.58350868920691,"2021-02-13",389,4.36944785246702,-0.0188240395706982,4.45028294513962,4.45174041221202,0.0011129867765354,0,0.0027936492135672,1,0,1
21077,"Gallatin","Kentucky",-0.0236347781339941,4.39443046413496,0,4.55987391107292,"2021-02-14",390,4.35853865336667,-0.0249220595322796,4.38413221294867,4.38541949434696,-0.0062682056356958,0,-0.0060980199615814,-1,0,-1
21077,"Gallatin","Kentucky",-0.0318933637759562,4.30472700086527,0,4.52798054729696,"2021-02-15",391,4.3603651378927,-0.0312270497989011,4.31005751268171,4.30939119870465,-0.0082585856419621,0,-0.0063049902666215,-1,0,-1
21077,"Gallatin","Kentucky",-0.0457854236676829,4.1616971579555,0,4.48219512362928,"2021-02-16",392,4.37125453769197,-0.0415025383836832,4.19596024022749,4.1916773549435,-0.0138920598917267,0,-0.0102754885847821,-1,0,-1
21077,"Gallatin","Kentucky",-0.0311756174684474,4.2327901838817,0,4.45101950616083,"2021-02-17",393,4.3603651378927,-0.0309564476719364,4.23454354225379,4.23432437245728,0.0146098061992355,0,0.0105460907117468,1,0,1
21077,"Gallatin","Kentucky",-0.0270286723879218,4.23479012705746,0,4.42399083377291,"2021-02-18",394,4.35119917087862,-0.0276124854785274,4.23011962233261,4.23070343542322,0.0041469450805256,0,0.003343962193409,1,0,1
21077,"Gallatin","Kentucky",-0.0330752516817906,4.15938882031859,0,4.39091558209113,"2021-02-19",395,4.34935585238433,-0.0316434001836433,4.17084363230376,4.16941178080563,-0.0060465792938688,0,-0.0040309147051159,-1,0,-1
21077,"Gallatin","Kentucky",-0.0214677296241089,4.21917374509826,0,4.36944785246702,"2021-02-20",396,4.34935585238433,-0.0220715140812025,4.21434346944151,4.2149472538986,0.0116075220576817,0,0.0095718861024408,1,0,1
21077,"Gallatin","Kentucky",-0.0109091991003518,4.28217425966421,0,4.35853865336667,"2021-02-21",397,4.35119917087862,-0.0140729411329832,4.25686432340315,4.26002806543579,0.0105585305237571,0,0.0079985729482193,1,0,1
21077,"Gallatin","Kentucky",0.00182648452603472,4.37315052957495,0.00182648452603473,4.37315052957495,"2021-02-22",398,4.34380542185368,0.00406511684444651,4.39105958812224,4.38882095580383,0.0127356836263865,0.00182648452603473,0.0181380579774297,1,1,1
21077,"Gallatin","Kentucky",0.0108893997992668,4.44748033628684,0.0108893997992672,4.44748033628684,"2021-02-23",399,4.32507828280299,0.00781512094656658,4.42288610546523,4.42596038431794,0.00906291527323208,0.00906291527323247,0.00375000410212007,1,1,1
21077,"Gallatin","Kentucky",-0.0108893997992655,4.28413933929784,0,4.3603651378927,"2021-02-24",400,4.29436569611546,-0.0146389878737157,4.25414263470224,4.25789222277669,-0.0217787995985323,-0.0108893997992672,-0.0224541088202823,-1,-1,-1
21077,"Gallatin","Kentucky",-0.0091659670140782,4.28703740178008,0,4.35119917087862,"2021-02-25",401,4.25864761351338,-0.0125544257033775,4.25992973226568,4.26331819095498,0.0017234327851873,0,0.0020845621703382,1,0,1
21077,"Gallatin","Kentucky",-0.00184331849429023,4.3364526229243,0,4.34935585238433,"2021-02-26",402,4.22160634183303,-0.0113537305403454,4.26036932655586,4.26987973860191,0.00732264851978797,0,0.0012006951630321,1,0,1
21077,"Gallatin","Kentucky",-1.25607396694711e-15,4.34935585238432,0,4.34935585238433,"2021-02-27",403,4.16777203077692,0.00040680901681689,4.35261032451887,4.35220351550205,0.00184331849428897,0,0.0117605395571623,1,0,1
21077,"Gallatin","Kentucky",0.00184331849428771,4.36410240033864,0.00184331849428965,4.36410240033865,"2021-02-28",404,4.10852919721406,0.00120643548739253,4.35900733628347,4.35964421929037,0.00184331849428897,0.00184331849428965,0.00079962647057564,1,1,1
21077,"Gallatin","Kentucky",-0.00739374902493653,4.29204917867913,0,4.34380542185368,"2021-03-01",405,4.05302641289137,-0.0130151997157079,4.24707757315296,4.25269902384372,-0.00923706751922424,-0.00184331849428965,-0.0142216352031004,-1,-1,-1
21077,"Gallatin","Kentucky",-0.0187271390506983,4.1939883094481,0,4.32507828280299,"2021-03-02",406,3.99951045955126,-0.0217215232126582,4.17003323615241,4.17302762031438,-0.0113333900257618,0,-0.0087063234969503,-1,0,-1
21077,"Gallatin","Kentucky",-0.0307125866875338,4.07937758930272,0,4.29436569611546,"2021-03-03",407,3.95124371858143,-0.0286636809393722,4.09576883528801,4.09371992953985,-0.0119854476368355,0,-0.006942157726714,-1,0,-1
21077,"Gallatin","Kentucky",-0.0357180826020741,4.00862103529886,0,4.25864761351338,"2021-03-04",408,3.89473150831808,-0.0342536541435728,4.02033646296688,4.01887203450837,-0.0050054959145403,0,-0.0055899732042006,-1,0,-1
21077,"Gallatin","Kentucky",-0.0370412716803499,3.96231744007058,0,4.22160634183303,"2021-03-05",409,3.84098723231139,-0.0340402637995817,3.98632550311673,3.98332449523596,-0.0013231890782758,0,0.0002133903439911,-1,0,1
21077,"Gallatin","Kentucky",-0.0538343110561185,3.79093185338409,0,4.16777203077692,"2021-03-06",410,3.79388276312392,-0.0507141104531481,3.81589345820785,3.81277325760488,-0.0167930393757686,0,-0.0166738466535664,-1,0,-1
21077,"Gallatin","Kentucky",-0.0592428335628663,3.69382936227399,0,4.10852919721406,"2021-03-07",411,3.74106520728451,-0.0539378283253302,3.73626940417428,3.73096439893675,-0.0054085225067478,0,-0.0032237178721821,-1,0,-1
21077,"Gallatin","Kentucky",-0.0555027843226823,3.66450692263259,0,4.05302641289137,"2021-03-08",412,3.67449071666184,-0.0528262201426597,3.68591943607278,3.68324287189275,0.003740049240184,0,0.0011116081826705,1,0,1
21077,"Gallatin","Kentucky",-0.0535159533401023,3.62489878617055,0,3.99951045955126,"2021-03-09",413,3.59535339610311,-0.0550045387440576,3.61299010293891,3.61447868834286,0.00198683098258,0,-0.0021783186013979,1,0,-1
21077,"Gallatin","Kentucky",-0.0482667409698295,3.61337653179262,0,3.95124371858143,"2021-03-10",414,3.50941096630239,-0.0495309817865734,3.60326260525867,3.60452684607542,0.0052492123702728,0,0.0054735569574842,1,0,1
21077,"Gallatin","Kentucky",-0.0565122102633482,3.49914603647465,0,3.89473150831808,"2021-03-11",415,3.44771739729705,-0.0554340929243165,3.5077709751869,3.50669285784786,-0.0082454692935187,0,-0.0059031111377431,-1,0,-1
21077,"Gallatin","Kentucky",-0.0537442760066939,3.46477730026454,0,3.84098723231139,"2021-03-12",416,3.4106761256167,-0.0547934691163105,3.4563837553876,3.45743294849722,0.00276793425665429,0,0.000640623808006002,1,0,1
21077,"Gallatin","Kentucky",-0.0471044691874667,3.46415147881165,0,3.79388276312392,"2021-03-13",417,3.36235754834589,-0.0462420671954652,3.47105069474767,3.47018829275566,0.00663980681922721,0,0.0085514019208453,1,0,1
21077,"Gallatin","Kentucky",-0.0528175558394143,3.3713423164086,0,3.74106520728451,"2021-03-14",418,3.31678003984957,-0.0549401257231434,3.35436175733877,3.35648432722251,-0.0057130866519476,0,-0.0086980585276782,-1,0,-1
21077,"Gallatin","Kentucky",-0.0665744906226623,3.2084692823032,0,3.67449071666184,"2021-03-15",419,3.29053181377464,-0.0644476516959784,3.22548399371668,3.22335715478999,-0.013756934783248,0,-0.009507525972835,-1,0,-1
21077,"Gallatin","Kentucky",-0.0791373205587365,3.04139215219196,0,3.59535339610311,"2021-03-16",420,3.26357600378611,-0.0739576617281655,3.08282942283652,3.07764976400595,-0.0125628299360742,0,-0.0095100100321871,-1,0,-1
21077,"Gallatin","Kentucky",-0.0859424298007161,2.90781395769737,0,3.50941096630239,"2021-03-17",421,3.27983652465789,-0.0770880736475575,2.97864880692265,2.96979445076949,-0.00680510924197961,0,-0.00313041191939201,-1,0,-1
21077,"Gallatin","Kentucky",-0.0616935690053456,3.01586241425963,0,3.44771739729705,"2021-03-18",422,3.28519846779927,-0.0604173880076224,3.02607186224141,3.02479568124369,0.0242488607953705,0,0.0166706856399351,1,0,1
21077,"Gallatin","Kentucky",-0.0370412716803432,3.1513872238543,0,3.4106761256167,"2021-03-19",423,3.24147565678544,-0.0370018198698144,3.15170283833853,3.151663386528,0.0246522973250024,0,0.023415568137808,1,0,1
21077,"Gallatin","Kentucky",-0.0483185772708022,3.02412750745028,0,3.36235754834589,"2021-03-20",424,3.23023958351852,-0.0494975870851914,3.01469542893517,3.01587443874955,-0.011277305590459,0,-0.012495767215377,-1,0,-1
21077,"Gallatin","Kentucky",-0.0455775084963238,2.99773748037531,0,3.31678003984957,"2021-03-21",425,3.24147565678544,-0.0450846968242238,3.0016799737521,3.00118716208,0.0027410687744784,0,0.0044128902609676,1,0,1
21077,"Gallatin","Kentucky",-0.0262482260749349,3.10679423125009,0,3.29053181377464,"2021-03-22",426,3.25258688221051,-0.0297135304946156,3.07907179589265,3.08253710031233,0.0193292824213889,0,0.0153711663296082,1,0,1
21077,"Gallatin","Kentucky",-0.0269558099885264,3.07488533386642,0,3.26357600378611,"2021-03-23",427,3.26902560855367,-0.0321078774047159,3.03366879453691,3.0388208619531,-0.000707583913591499,0,-0.0023943469101003,-1,0,-1
21077,"Gallatin","Kentucky",0.0162605208717832,3.39366017076037,0.016260520871783,3.39366017076037,"2021-03-24",428,3.26902560855367,0.0145547404733883,3.38001392757322,3.38171970797161,0.0432163308603096,0.016260520871783,0.0466626178781042,1,1,1
21077,"Gallatin","Kentucky",0.00536194314138355,3.32273206978896,0.00536194314138383,3.32273206978896,"2021-03-25",429,3.27444567602301,0.0049595903862034,3.31951324774752,3.31991560050269,-0.0108985777303997,-0.0108985777303992,-0.0095951500871849,-1,-1,-1
21077,"Gallatin","Kentucky",-0.0437228110138258,2.93541597968866,0,3.24147565678544,"2021-03-26",430,3.29053181377464,-0.0455908730287109,2.92047148356958,2.92233954558446,-0.0490847541552094,-0.00536194314138383,-0.0505504634149143,-1,-1,-1
21077,"Gallatin","Kentucky",-0.0112360732669279,3.15158707065002,0,3.23023958351852,"2021-03-27",431,3.25809653802148,-0.0168127117586394,3.10697396271633,3.11255060120804,0.0324867377468979,0,0.0287781612700715,1,0,1
21077,"Gallatin","Kentucky",0.0112360732669273,3.32012816965393,0.0112360732669265,3.32012816965393,"2021-03-28",432,3.20158432775814,0.00897865862118845,3.30206885248803,3.30432626713376,0.0224721465338552,0.0112360732669265,0.0257913703798279,1,1,1
21077,"Gallatin","Kentucky",0.0111112254250707,3.33036546018601,0.0111112254250711,3.33036546018601,"2021-03-29",433,3.14168618617707,0.00933731167938805,3.31617415022054,3.31794806396623,-0.000124847841856601,-0.000124847841855399,0.0003586530581996,-1,-1,1
21077,"Gallatin","Kentucky",0.0164387263431584,3.38409669295578,0.0164387263431589,3.38409669295579,"2021-03-30",434,3.09104245335832,0.0154333876114139,3.37605398310182,3.37705932183357,0.0053275009180877,0.0053275009180878,0.00609607593202585,1,1,1
21077,"Gallatin","Kentucky",6.28036983473454e-16,3.26902560855368,0,3.26902560855367,"2021-03-31",435,3.06472514504094,0.00404705312426653,3.3014020335478,3.29735498042354,-0.0164387263431578,-0.0164387263431589,-0.0113863344871474,-1,-1,-1
21077,"Gallatin","Kentucky",0.00542006746933749,3.31238614830837,0.00542006746933765,3.31238614830837,"2021-04-01",436,3.0513021247088,0.00657757378928259,3.32164619886793,3.32048869254799,0.00542006746933686,0.00542006746933765,0.00253052066501606,1,1,1
21077,"Gallatin","Kentucky",0.0160861377516249,3.40313477803601,0.016086137751627,3.40313477803603,"2021-04-02",437,3.01693448120459,0.0159131550112458,3.40175091611298,3.40192389885336,0.0106660702822874,0.0106660702822894,0.00933558122196321,1,1,1
21077,"Gallatin","Kentucky",0.0544352065550277,3.45241613364481,0.05443520655502,3.45241613364475,"2021-06-02",498,3.14168618617707,0.0436882996841592,3.36644087867786,3.37718778554872,0.0383490688034028,0.038349068803393,0.0277751446729134,1,1,1
21077,"Gallatin","Kentucky",0.0131580845775115,3.1766343643797,0.0131580845775114,3.1766343643797,"2021-06-03",499,3.15395627876888,0.0150361900950755,3.19165920852021,3.18978110300265,-0.0412771219775162,-0.0412771219775086,-0.0286521095890837,-1,-1,-1
21077,"Gallatin","Kentucky",0.0129871955268069,3.18842533655158,0.0129871955268075,3.18842533655158,"2021-06-04",500,3.16607763930123,0.0141784513138444,3.19795538284788,3.19676412706084,-0.000170889050704599,-0.0001708890507039,-0.000857738781231099,-1,-1,-1
21077,"Gallatin","Kentucky",0.0128206884290623,3.20008047529643,0.0128206884290618,3.20008047529643,"2021-06-05",501,3.17208366336144,0.0139851208194909,3.20939593441986,3.20823150202943,-0.0001665070977446,-0.0001665070977457,-0.000193330494353499,-1,-1,-1
21077,"Gallatin","Kentucky",0.00634922767866189,3.16112947772229,0.00634922767866142,3.16112947772228,"2021-06-06",502,3.17805383034795,0.00722493389752453,3.16813512747319,3.16725942125432,-0.00647146075040041,-0.00647146075040038,-0.00676018692196637,-1,-1,-1
21077,"Gallatin","Kentucky",0.00630916919326298,3.16715823751776,0.00630916919326285,3.16715823751776,"2021-06-07",503,3.18398856586776,0.00693973119460511,3.17220273352849,3.17157217152716,-4.00584853989102e-05,-4.00584853985702e-05,-0.00028520270291942,-1,-1,-1
21077,"Gallatin","Kentucky",0.00626961301359756,3.1731509572737,0.00626961301359774,3.1731509572737,"2021-06-08",504,3.19575340744735,0.00476097731680294,3.16108187169934,3.16259050739614,-3.95561796654202e-05,-3.95561796651097e-05,-0.00217875387780217,-1,-1,-1
21077,"Gallatin","Kentucky",0.012422519998553,3.22864382616694,0.0124225199985535,3.22864382616694,"2021-06-09",505,3.16003532484527,0.0121305724032554,3.22630824540456,3.22660019299986,0.00615290698495544,0.00615290698495576,0.00736959508645246,1,1,1
21077,"Gallatin","Kentucky",0.0122700925918157,3.23984692691159,0.0122700925918151,3.23984692691159,"2021-06-10",506,3.12926366617852,0.0118925922605935,3.23682692426182,3.23720442459303,-0.0001524274067373,-0.0001524274067384,-0.0002379801426619,-1,-1,-1
21077,"Gallatin","Kentucky",0.0121213605323456,3.25092716302765,0.0121213605323454,3.25092716302765,"2021-06-11",507,3.06472514504094,0.0130988578484257,3.25874714155629,3.25776964424021,-0.000148732059470101,-0.0001487320594697,0.0012062655878322,-1,-1,1
21077,"Gallatin","Kentucky",0.00600602406021361,3.21412583178294,0.00600602406021444,3.21412583178294,"2021-06-12",508,3.00284974132285,0.00608941417110831,3.2147929526701,3.2147095625592,-0.00611533647213199,-0.00611533647213096,-0.00700944367731739,-1,-1,-1
21077,"Gallatin","Kentucky",0.00593473551981199,3.22553171450644,0.0059347355198125,3.22553171450645,"2021-06-14",510,NA,0.00805553901699895,3.24249814248394,3.24037733898675,-7.12885404016194e-05,-7.12885404019394e-05,0.00196612484589064,-1,-1,1
21077,"Gallatin","Kentucky",0.0117648415795886,3.27810729850447,0.0117648415795872,3.27810729850446,"2021-06-15",511,NA,0.0134398632215067,3.29150747163981,3.2898324499979,0.00583010605977661,0.0058301060597747,0.00538432420450775,1,1,1
21077,"Gallatin","Kentucky",-0.0357180826020738,2.91000874663075,0,3.16003532484527,"2021-06-16",512,NA,-0.0329733853201477,2.93196632488617,2.92922162760424,-0.0474829241816624,-0.0117648415795872,-0.0464132485416544,-1,-1,-1
21077,"Gallatin","Kentucky",-0.0307716586667559,2.91386205551122,0,3.12926366617852,"2021-06-17",513,NA,-0.0311764872695195,2.91062342668911,2.91102825529188,0.0049464239353179,0,0.0017968980506282,1,0,1
21077,"Gallatin","Kentucky",-0.0645385211375797,2.61295549707788,0,3.06472514504094,"2021-06-18",514,NA,-0.0570198131361523,2.6731051610893,2.66558645308787,-0.0337668624708238,0,-0.0258433258666328,-1,0,-1
21077,"Gallatin","Kentucky",-0.0618754037180776,2.56972191529631,0,3.00284974132285,"2021-06-19",515,NA,-0.0588052708868489,2.59428297794615,2.59121284511491,0.0026631174195021,0,-0.0017854577506966,1,0,-1
