"fips","county","state","r.lm","predicted.lm","r.slm","predicted.slm","date.y","days_from_start.y","log_rolled_cases.y","tau.hat","predicted.grf.future.0","predicted.grf.future.last","D.r.lm","D.r.slm","D.tau.hat","B.D.r.lm","B.D.r.slm","B.D.tau.hat"
28049,"Hinds","Mississippi",0.234507309964523,4.87179075327018,0.234507309964525,4.87179075327019,"2020-04-02",72,4.39091558209113,0.241165421598184,4.92505564633947,4.91839753470581,NA,NA,NA,NA,NA,NA
28049,"Hinds","Mississippi",0.217477813778534,4.97006209374678,0.217477813778531,4.97006209374676,"2020-04-03",73,4.53719720240189,0.238582226235767,5.13889739340466,5.11779298094742,-0.017029496185989,-0.017029496185994,-0.002583195362417,-1,-1,-1
28049,"Hinds","Mississippi",0.182321556793956,4.9062898516487,0.182321556793955,4.90628985164869,"2020-04-04",74,4.65531996967356,0.207278223307068,5.10594318375359,5.08098651724047,-0.035156256984578,-0.035156256984576,-0.031304002928699,-1,-1,-1
28049,"Hinds","Mississippi",0.160623194332876,4.91502450875401,0.160623194332876,4.91502450875401,"2020-04-05",75,4.76826038085416,0.19096452654338,5.15775516643804,5.12741383422754,-0.02169836246108,-0.021698362461079,-0.016313696763688,-1,-1,-1
28049,"Hinds","Mississippi",0.149531733970963,4.98691602019158,0.149531733970963,4.98691602019158,"2020-04-06",76,4.86312915698766,0.170781038292229,5.15691045476171,5.13566115044044,-0.011091460361913,-0.011091460361913,-0.020183488251151,-1,-1,-1
28049,"Hinds","Mississippi",0.151766888471985,5.15432899017072,0.151766888471983,5.15432899017071,"2020-04-07",77,4.94469897109185,0.164817573956895,5.25873447405,5.24568378856508,0.00223515450102199,0.00223515450101999,-0.00596346433533398,1,1,-1
28049,"Hinds","Mississippi",0.156534471182537,5.34423654032712,0.156534471182534,5.3442365403271,"2020-04-08",78,5.00681849556955,0.161041552494455,5.38029319082246,5.37578610951054,0.004767582710552,0.004767582710551,-0.00377602146243999,1,1,-1
28049,"Hinds","Mississippi",0.142420340041767,5.3878579623835,0.142420340041768,5.3878579623835,"2020-04-09",79,5.07962816558321,0.150382418754066,5.45155459208189,5.44359251336959,-0.01411413114077,-0.014114131140766,-0.010659133740389,-1,-1,-1
28049,"Hinds","Mississippi",0.146281620310759,5.5611685445772,0.146281620310758,5.56116854457719,"2020-04-10",80,5.1433330059722,0.14400927328091,5.54298976833841,5.54526211536826,0.00386128026899199,0.00386128026898999,-0.00637314547315598,1,1,-1
28049,"Hinds","Mississippi",0.118122767271675,5.48217934057529,0.118122767271676,5.48217934057529,"2020-04-11",81,5.21338175574225,0.124318043927088,5.53174155381859,5.52554627716317,-0.028158853039084,-0.028158853039082,-0.019691229353822,-1,-1,-1
28049,"Hinds","Mississippi",0.112940411180601,5.55884325911837,0.1129404111806,5.55884325911836,"2020-04-12",82,5.27299955856375,0.119152483208724,5.60853983534335,5.60232776331523,-0.00518235609107401,-0.00518235609107601,-0.00516556071836401,-1,-1,-1
28049,"Hinds","Mississippi",0.0948687761335016,5.52721058992217,0.0948687761335014,5.52721058992217,"2020-04-13",83,5.33202842389035,0.105586838585087,5.61295508953485,5.60223702708327,-0.0180716350470994,-0.0180716350470986,-0.013565644623637,-1,-1,-1
28049,"Hinds","Mississippi",0.0815698141041888,5.51568766982117,0.0815698141041876,5.51568766982116,"2020-04-14",84,5.38055546478501,0.097168483661273,5.64047702627784,5.62487835672076,-0.0132989620293128,-0.0132989620293138,-0.008418354923814,-1,-1,-1
28049,"Hinds","Mississippi",0.0621195244777019,5.44165516691346,0.0621195244777013,5.44165516691346,"2020-04-15",85,5.4299719991597,0.0819038146993123,5.59992948868635,5.58014519846474,-0.0194502896264869,-0.0194502896264863,-0.0152646689619607,-1,-1,-1
28049,"Hinds","Mississippi",0.0728096700136573,5.58929585567881,0.0728096700136573,5.58929585567881,"2020-04-16",86,5.47046833013762,0.0834767693433102,5.67463265031603,5.66396555098638,0.0106901455359554,0.010690145535956,0.00157295464399791,1,1,1
28049,"Hinds","Mississippi",0.0637048403889889,5.58926688869512,0.0637048403889899,5.58926688869513,"2020-04-17",87,5.50475064715623,0.0735402567986551,5.66795021997245,5.65811480356279,-0.00910482962466841,-0.00910482962466741,-0.00993651254465511,-1,-1,-1
28049,"Hinds","Mississippi",0.0700487497700552,5.70372300413264,0.0700487497700539,5.70372300413263,"2020-04-18",88,5.53225954510447,0.0704419462529892,5.70686857599611,5.70647537951317,0.0063439093810663,0.00634390938106401,-0.00309831054566589,1,1,-1
28049,"Hinds","Mississippi",0.0596178028214953,5.69032417831421,0.059617802821494,5.6903241783142,"2020-04-19",89,5.55793059764364,0.0666985505136766,5.74697015985166,5.73988941215949,-0.0104309469485599,-0.0104309469485599,-0.00374339573931261,-1,-1,-1
28049,"Hinds","Mississippi",0.0590288653266044,5.74523048117658,0.059028865326602,5.74523048117656,"2020-04-20",90,5.58080741229739,0.0625824109737483,5.77365884635374,5.77010530070659,-0.000588937494890897,-0.000588937494892,-0.0041161395399283,-1,-1,-1
28049,"Hinds","Mississippi",0.0485270408946586,5.72024475104762,0.0485270408946592,5.72024475104762,"2020-04-21",91,5.60422519343312,0.0492769293682141,5.72624385883606,5.72549397036251,-0.0105018244319458,-0.0105018244319428,-0.0133054816055342,-1,-1,-1
28049,"Hinds","Mississippi",0.0494165343746917,5.77588773978254,0.0494165343746902,5.77588773978253,"2020-04-22",92,5.62401750618734,0.0514391240863343,5.79206845747568,5.79004586776404,0.000889493480033102,0.000889493480030999,0.00216219471812019,1,1,1
28049,"Hinds","Mississippi",0.0404963309779182,5.75394264698304,0.040496330977918,5.75394264698304,"2020-04-23",93,5.62967450250248,0.0439869070157772,5.78186725528592,5.77837667924806,-0.0089202033967735,-0.0089202033967722,-0.0074522170705571,-1,-1,-1
28049,"Hinds","Mississippi",0.0342823170186115,5.74472686628651,0.0342823170186106,5.7447268662865,"2020-04-24",94,5.63580949106999,0.0380432362015893,5.77481421975033,5.77105330056736,-0.0062140139593067,-0.0062140139593074,-0.0059436708141879,-1,-1,-1
28049,"Hinds","Mississippi",0.027508897948248,5.72482183074221,0.0275088979482465,5.7248218307422,"2020-04-25",95,5.63478960316925,0.03284887703341,5.76754166342351,5.76220168433834,-0.0067734190703635,-0.0067734190703641,-0.0051943591681793,-1,-1,-1
28049,"Hinds","Mississippi",0.0256710525391632,5.73762796541778,0.0256710525391632,5.73762796541778,"2020-04-26",96,5.63274670153945,0.0298263453383041,5.7708703078109,5.76671501501177,-0.0018378454090848,-0.0018378454090833,-0.0030225316951059,-1,-1,-1
28049,"Hinds","Mississippi",0.0228768146537548,5.74094511487367,0.0228768146537544,5.74094511487367,"2020-04-27",97,5.62556349979596,0.0276716832003103,5.77930406324612,5.77450919469956,-0.0027942378854084,-0.0027942378854088,-0.0021546621379938,-1,-1,-1
28049,"Hinds","Mississippi",0.0234177811357259,5.7681496613832,0.0234177811357261,5.7681496613832,"2020-04-28",98,5.62246911878121,0.0278446332486177,5.80356447828633,5.79913762617344,0.000540966481971102,0.000540966481971699,0.000172950048307401,1,1,1
28049,"Hinds","Mississippi",0.0197923127542224,5.7625636954669,0.0197923127542214,5.76256369546689,"2020-04-29",99,5.61936513284362,0.0231069298328136,5.78908063209563,5.78576601501704,-0.0036254683815035,-0.0036254683815047,-0.0047377034158041,-1,-1,-1
28049,"Hinds","Mississippi",0.00565699631514281,5.66927347670848,0.00565699631514249,5.66927347670848,"2020-04-30",100,5.62864833514717,0.0188883051477472,5.77512394736932,5.76189263853671,-0.0141353164390796,-0.0141353164390789,-0.0042186246850664,-1,-1,-1
28049,"Hinds","Mississippi",0.00613498856751327,5.67875441104259,0.0061349885675126,5.67875441104258,"2020-05-01",101,5.63376867403514,0.0173055574560992,5.76811896215127,5.75694839326268,0.00047799225237046,0.00047799225237011,-0.001582747691648,1,1,-1
28049,"Hinds","Mississippi",-0.00101988790074427,5.62765038786404,0,5.63478960316925,"2020-05-02",102,5.64038615809741,-0.00333806932795214,5.60910493644637,5.61142311787358,-0.00715487646825754,-0.0061349885675126,-0.0206436267840513,-1,-1,-1
28049,"Hinds","Mississippi",-0.00204290162980076,5.61844639013084,0,5.63274670153945,"2020-05-03",103,5.63937092958381,-0.00148220097590314,5.62293199536203,5.62237129470813,-0.00102301372905649,0,0.001855868352049,-1,0,1
28049,"Hinds","Mississippi",-0.00718320174349258,5.57528108759151,0,5.62556349979596,"2020-05-04",104,5.6534911843605,-0.00829819655939227,5.56636112906431,5.56747612388021,-0.00514030011369182,0,-0.00681599558348913,-1,0,-1
28049,"Hinds","Mississippi",-0.0030943810147434,5.60080845167801,0,5.62246911878121,"2020-05-05",105,5.66790853575331,-0.00576949836954087,5.57940751283963,5.58208263019442,0.00408882072874918,0,0.0025286981898514,1,0,1
28049,"Hinds","Mississippi",-0.0031039859375899,5.59763723128049,0,5.61936513284362,"2020-05-06",106,5.6893937372041,-0.00713527111951419,5.5653869498251,5.56941823500702,-9.60492284650004e-06,0,-0.00136577274997332,-1,0,-1
28049,"Hinds","Mississippi",0.00928320230354568,5.69363075127199,0.00928320230354718,5.693630751272,"2020-05-07",107,5.70282963990093,0.0129728058343878,5.72314757951872,5.71945797598788,0.0123871882411356,0.00928320230354718,0.020108076953902,1,1,1
28049,"Hinds","Mississippi",0.00512033888797706,5.66961104625098,0.00512033888797703,5.66961104625098,"2020-05-08",108,5.73241620745157,0.00886810359965192,5.69959316394439,5.6958453992327,-0.00416286341556862,-0.00416286341557015,-0.00410470223473588,-1,-1,-1
28049,"Hinds","Mississippi",0.00661748406226569,5.68670854653327,0.00661748406226526,5.68670854653327,"2020-05-09",109,5.76115250631516,0.00936514975868586,5.70868987210463,5.70594220640821,0.00149714517428863,0.00149714517428823,0.00049704615903394,1,1,1
28049,"Hinds","Mississippi",-0.00101522851359814,5.63226432998862,0,5.63937092958381,"2020-05-10",110,5.79301360838414,-0.0088550087731953,5.56954608791185,5.57738586817144,-0.00763271257586383,-0.00661748406226526,-0.0182201585318812,-1,-1,-1
28049,"Hinds","Mississippi",0.0141202547766887,5.75233296779732,0.0141202547766897,5.75233296779733,"2020-05-11",111,5.81156861752887,0.0144455640030697,5.75493544160837,5.75461013238199,0.0151354832902868,0.0141202547766897,0.023300572776265,1,1,1
28049,"Hinds","Mississippi",0.0144173513928126,5.768829995503,0.0144173513928125,5.768829995503,"2020-05-12",112,5.82346846045867,0.0149212970560677,5.77286156080904,5.77235761514578,0.0002970966161239,0.000297096616122801,0.000475733052998001,1,1,1
28049,"Hinds","Mississippi",0.0214852014507864,5.83979014735961,0.0214852014507887,5.83979014735962,"2020-05-13",113,5.83020532804343,0.0193879968890172,5.82301251086545,5.82510971542722,0.0070678500579738,0.0070678500579762,0.0044666998329495,1,1,1
28049,"Hinds","Mississippi",0.0134359026968289,5.79688095877873,0.0134359026968278,5.79688095877872,"2020-05-14",114,5.83856308668115,0.0143566069368806,5.80424659269914,5.80332588845909,-0.0080492987539575,-0.0080492987539609,-0.0050313899521366,-1,-1,-1
28049,"Hinds","Mississippi",0.0295865675506435,5.93952218030608,0.0295865675506439,5.93952218030608,"2020-05-15",115,5.84105685355956,0.0242583492650194,5.89689643402109,5.90222465230671,0.0161506648538146,0.0161506648538161,0.0099017423281388,1,1,1
28049,"Hinds","Mississippi",0.0287362988635872,5.96230659836027,0.0287362988635866,5.96230659836027,"2020-05-16",116,5.84850105667129,0.0242338357409739,5.92628689337936,5.93078935650198,-0.000850268687056302,-0.000850268687057301,-2.45135240455018e-05,-1,-1,-1
28049,"Hinds","Mississippi",0.0318611020689849,6.01604132286704,0.0318611020689836,6.01604132286703,"2020-05-17",117,5.85507192220243,0.0281373893284171,5.9862516209425,5.98997533368306,0.0031248032053977,0.003124803205397,0.0039035535874432,1,1,1
28049,"Hinds","Mississippi",0.0185550091447209,5.94145368154191,0.0185550091447215,5.94145368154192,"2020-05-18",118,5.86281915768909,0.017186940977373,5.93050913620312,5.93187720437048,-0.013306092924264,-0.0133060929242621,-0.0109504483510441,-1,-1,-1
28049,"Hinds","Mississippi",0.011899842929805,5.90676736096731,0.0118998429298047,5.9067673609673,"2020-05-19",119,5.87533193446824,0.0154781342309044,5.93539369137611,5.931815400075,-0.0066551662149159,-0.0066551662149168,-0.0017088067464686,-1,-1,-1
28049,"Hinds","Mississippi",0.00673686758475787,5.87736340113673,0.006736867584757,5.87736340113673,"2020-05-20",120,5.88491284608,0.0110574347047846,5.91192793809695,5.90760737097692,-0.00516297534504713,-0.0051629753450477,-0.0044206995261198,-1,-1,-1
28049,"Hinds","Mississippi",0.00835775863772743,5.89706739714525,0.00835775863772703,5.89706739714524,"2020-05-21",121,5.89872249540937,0.0107846842009561,5.91648280165108,5.91405587608784,0.00162089105296956,0.00162089105297003,-0.0002727505038285,1,1,-1
28049,"Hinds","Mississippi",0.00249376687840329,5.85851322170838,0.00249376687840286,5.85851322170838,"2020-05-22",122,5.90769466404252,0.00621854051777299,5.88831141082333,5.88458663718397,-0.00586399175932414,-0.00586399175932417,-0.00456614368318311,-1,-1,-1
28049,"Hinds","Mississippi",0.00744420311173251,5.90061047845342,0.00744420311173144,5.90061047845341,"2020-05-23",123,5.91311683069622,0.0102054851439731,5.92270073471134,5.9199394526791,0.00495043623332922,0.00495043623332858,0.00398694462620011,1,1,1
28049,"Hinds","Mississippi",0.00657086553113752,5.90106798092039,0.00657086553113828,5.90106798092039,"2020-05-24",124,5.92349156352178,0.00933114296730779,5.92315020040975,5.92038992297358,-0.000873337580594991,-0.00087333758059316,-0.000874342176665309,-1,-1,-1
28049,"Hinds","Mississippi",0.00774723548665838,5.9170498060957,0.00774723548665968,5.9170498060957,"2020-05-25",125,5.93640476992496,0.0110998784925538,5.94387095014286,5.94051830713697,0.00117636995552086,0.0011763699555214,0.00176873552524601,1,1,1
28049,"Hinds","Mississippi",0.0125127767791592,5.96292137192236,0.0125127767791575,5.96292137192235,"2020-05-26",126,5.93527205317179,0.0139435208783904,5.97436732471621,5.97293658061697,0.00476554129250082,0.00476554129249782,0.0028436423858366,1,1,1
28049,"Hinds","Mississippi",0.00958091161175986,5.95197922736232,0.00958091161176,5.95197922736232,"2020-05-27",127,5.93148703729797,0.0122775404012687,5.97355225767839,5.97085562888888,-0.00293186516739934,-0.0029318651673975,-0.0016659804771217,-1,-1,-1
28049,"Hinds","Mississippi",0.0138096493293648,5.99539004071492,0.0138096493293638,5.99539004071491,"2020-05-28",128,5.929969010441,0.0145769900276045,6.00152876630084,6.0007614256026,0.00422873771760494,0.0042287377176038,0.0022994496263358,1,1,1
28049,"Hinds","Mississippi",0.00897216863315569,5.97049984447461,0.00897216863315542,5.97049984447461,"2020-05-29",129,5.9246376954524,0.01174634353549,5.99269324369329,5.98991906879095,-0.00483748069620911,-0.00483748069620838,-0.0028306464921145,-1,-1,-1
28049,"Hinds","Mississippi",0.00542216665369921,5.95107199727212,0.00542216665370088,5.95107199727213,"2020-05-30",130,5.90963452886035,0.0092327643643879,5.98155677895762,5.97774618124694,-0.00355000197945648,-0.00355000197945454,-0.0025135791711021,-1,-1,-1
28049,"Hinds","Mississippi",0.0103747328255533,5.99611469330065,0.0103747328255528,5.99611469330065,"2020-05-31",131,5.89203876696997,0.0112690927066762,6.00326957234963,6.00237521246851,0.00495256617185409,0.00495256617185192,0.0020363283422883,1,1,1
28049,"Hinds","Mississippi",0.0129132064031805,6.02679721474722,0.0129132064031783,6.0267972147472,"2020-06-01",132,5.87893554197154,0.0128186116545402,6.0260404567581,6.02613505150674,0.0025384735776272,0.0025384735776255,0.001549518947864,1,1,1
28049,"Hinds","Mississippi",-0.00113271675316951,5.9273430358996,0,5.93527205317179,"2020-06-02",133,5.87813586180098,-0.00551160065679997,5.89231196467056,5.89669084857419,-0.01404592315635,-0.0129132064031783,-0.0183302123113402,-1,-1,-1
28049,"Hinds","Mississippi",-0.00378501587381214,5.90499192618129,0,5.93148703729797,"2020-06-03",134,5.89006443266625,-0.00663014639561628,5.88223088200686,5.88507601252866,-0.00265229912064263,0,-0.00111854573881631,-1,0,-1
28049,"Hinds","Mississippi",-0.00151802685697947,5.91934282244214,0,5.929969010441,"2020-06-04",135,5.89203876696997,-0.00600178311634658,5.8834727723672,5.88795652862657,0.00226698901683267,0,0.0006283632792697,1,0,1
28049,"Hinds","Mississippi",-0.0053313149885961,5.88731849053223,0,5.9246376954524,"2020-06-05",136,5.8983305690865,-0.00793764901185122,5.86646781834619,5.86907415236944,-0.00381328813161663,0,-0.00193586589550464,-1,0,-1
28049,"Hinds","Mississippi",-0.0150031665920463,5.80461236271603,0,5.90963452886035,"2020-06-06",137,5.90769466404252,-0.0121512390577654,5.82742778299028,5.82457585545599,-0.0096718516034502,0,-0.00421359004591418,-1,0,-1
28049,"Hinds","Mississippi",-0.0175957618903828,5.76886843373729,0,5.89203876696997,"2020-06-07",138,5.91774111639334,-0.0156763627156506,5.78422362713514,5.78230422796041,-0.0025925952983365,0,-0.0035251236578852,-1,0,-1
28049,"Hinds","Mississippi",-0.0131032249984267,5.78721296698255,0,5.87893554197154,"2020-06-08",139,5.93034873324791,-0.0129445828620426,5.78848210407363,5.78832346193724,0.0044925368919561,0,0.002731779853608,1,0,1
28049,"Hinds","Mississippi",-0.000799680170562652,5.87253810060704,0,5.87813586180098,"2020-06-09",140,5.95064255258773,-0.00850357733284863,5.81090692330875,5.81861082047104,0.012303544827864,0,0.00444100552919397,1,0,1
28049,"Hinds","Mississippi",0.0119285708652733,5.97356442872316,0.0119285708652725,5.97356442872316,"2020-06-10",141,5.96357934361845,0.0128762382632663,5.98114576790711,5.98019810050911,0.012728251035836,0.0119285708652725,0.0213798155961149,1,1,1
28049,"Hinds","Mississippi",0.00197433430371741,5.90585910709599,0.00197433430371863,5.905859107096,"2020-06-11",142,5.97453635608729,0.0074869722822541,5.94996021092428,5.94444757294575,-0.00995423656155589,-0.00995423656155387,-0.0053892659810122,-1,-1,-1
28049,"Hinds","Mississippi",0.00629180211652891,5.9423731839022,0.00629180211652702,5.94237318390219,"2020-06-12",143,5.98645200528444,0.0102066654742694,5.97369209076412,5.96977722740639,0.0043174678128115,0.00431746781280839,0.0027196931920153,1,1,1
28049,"Hinds","Mississippi",0.00936409495602512,5.9732433287347,0.00936409495602675,5.97324332873471,"2020-06-13",144,6.00141487796115,0.0123001690185335,5.99673192123477,5.99379584717225,0.00307229283949621,0.00307229283949973,0.0020935035442641,1,1,1
28049,"Hinds","Mississippi",0.0100464523508163,5.98806628284905,0.0100464523508164,5.98806628284905,"2020-06-14",145,6.01126717440416,0.0116228925768389,6.00067780465723,5.99910136443121,0.00068235739479118,0.000682357394789649,-0.0006772764416946,1,1,-1
28049,"Hinds","Mississippi",0.0126076168545719,6.01860205122992,0.0126076168545728,6.01860205122992,"2020-06-15",146,6.01963542407468,0.0122160802909279,6.01546975872076,6.01586129528441,0.0025611645037556,0.0025611645037564,0.000593187714089,1,1,1
28049,"Hinds","Mississippi",0.0202938193398143,6.09269928796643,0.0202938193398143,6.09269928796643,"2020-06-16",147,6.03240082081241,0.0199249998391837,6.08974873196138,6.09011755146201,0.0076862024852424,0.0076862024852415,0.0077089195482558,1,1,1
28049,"Hinds","Mississippi",0.0129367910307193,6.05413688083348,0.012936791030719,6.05413688083348,"2020-06-17",148,6.05477463545943,0.01456740943369,6.06718182805725,6.06555120965428,-0.007357028309095,-0.0073570283090953,-0.0053575904054937,-1,-1,-1
28049,"Hinds","Mississippi",0.0109570124688476,6.05123544336923,0.0109570124688476,6.05123544336923,"2020-06-18",149,6.07600262993039,0.0131271341475985,6.06859641679924,6.06642629512048,-0.0019797785618717,-0.0019797785618714,-0.0014402752860915,-1,-1,-1
28049,"Hinds","Mississippi",0.0119156491971424,6.06986154966443,0.0119156491971442,6.06986154966445,"2020-06-19",150,6.07960623743369,0.0121528426073691,6.07175909694624,6.07152190353602,0.0009586367282948,0.000958636728296601,-0.0009742915402294,1,1,-1
28049,"Hinds","Mississippi",0.0149628726767127,6.10615498669814,0.0149628726767128,6.10615498669814,"2020-06-20",151,6.08319690556442,0.0156546409651272,6.11168913300546,6.11099736471704,0.0030472234795703,0.0030472234795686,0.0035017983577581,1,1,1
28049,"Hinds","Mississippi",0.00985229644301086,6.08023324950524,0.009852296443011,6.08023324950524,"2020-06-21",152,6.08123995777746,0.0124315072739757,6.10086693615296,6.09828772532199,-0.00511057623370184,-0.0051105762337018,-0.0032231336911515,-1,-1,-1
28049,"Hinds","Mississippi",0.008368249670517,6.0782131717683,0.00836824967051619,6.07821317176829,"2020-06-22",153,6.11809719804135,0.0111710600506456,6.10063565480932,6.0978328444292,-0.00148404677249386,-0.00148404677249481,-0.0012604472233301,-1,-1,-1
28049,"Hinds","Mississippi",0.0127653967377307,6.12175859797652,0.0127653967377315,6.12175859797653,"2020-06-23",154,6.15212460712076,0.0154588646098408,6.14330634095341,6.1406128730813,0.0043971470672137,0.00439714706721531,0.0042878045591952,1,1,1
28049,"Hinds","Mississippi",0.0223738146470244,6.21139133798861,0.0223738146470254,6.21139133798861,"2020-06-24",155,6.18943679985139,0.0233010159390773,6.21880894832503,6.21788174703297,0.0096084179092937,0.0096084179092939,0.0078421513292365,1,1,1
28049,"Hinds","Mississippi",0.0212279944709593,6.22459859122711,0.0212279944709604,6.22459859122712,"2020-06-25",156,6.25629828738113,0.0205566120661657,6.21922753198876,6.21989891439355,-0.0011458201760651,-0.001145820176065,-0.0027444038729116,-1,-1,-1
28049,"Hinds","Mississippi",0.0036036075032996,6.10483148995679,0.00360360750330013,6.1048314899568,"2020-06-26",157,6.34738920965601,0.0102512912937512,6.1580129602804,6.15136527648995,-0.0176243869676597,-0.0176243869676603,-0.0103053207724145,-1,-1,-1
28049,"Hinds","Mississippi",0.00359066813072638,6.10833158247951,0.00359066813072673,6.10833158247951,"2020-06-27",158,6.43592140443025,0.00839285392799223,6.14674906885763,6.14194688306037,-1.29393725732201e-05,-1.29393725733997e-05,-0.00185843736575897,-1,-1,-1
28049,"Hinds","Mississippi",-0.00195694778695885,6.06754132326875,0,6.08123995777746,"2020-06-28",159,6.5350339096858,-0.00644576264875454,6.03163080437438,6.03611961923618,-0.00554761591768523,-0.00359066813072673,-0.0148386165767468,-1,-1,-1
28049,"Hinds","Mississippi",0.0368572402638879,6.37609787988856,0.0368572402638856,6.37609787988855,"2020-06-29",160,6.61108051223499,0.0346199991938483,6.35819995132825,6.36043719239829,0.0388141880508467,0.0368572402638856,0.0410657618426028,1,1,1
28049,"Hinds","Mississippi",0.0340274090794114,6.39031647067664,0.0340274090794095,6.39031647067662,"2020-06-30",161,6.68264551021438,0.0325516840907052,6.37851067076699,6.3799863957557,-0.00282983118447649,-0.0028298311844761,-0.0020683151031431,-1,-1,-1
28049,"Hinds","Mississippi",0.0373121927306346,6.45062214896584,0.0373121927306368,6.45062214896585,"2020-07-01",162,6.74422743734228,0.0359055637857972,6.43936911740714,6.44077574635197,0.0032847836512232,0.0032847836512273,0.003353879695092,1,1,1
28049,"Hinds","Mississippi",0.0668614875297391,6.72432870008931,0.0668614875297395,6.72432870008931,"2020-07-02",163,6.7990558620588,0.0599873534826433,6.66933562771254,6.67620976175963,0.0295492947991045,0.0295492947991027,0.0240817896968461,1,1,1
28049,"Hinds","Mississippi",0.0910909222748762,6.98502566558014,0.0910909222748764,6.98502566558015,"2020-07-03",164,6.86036413572641,0.0804238938258055,6.89968943798757,6.91035646643665,0.0242294347451371,0.0242294347451369,0.0204365403431622,1,1,1
28049,"Hinds","Mississippi",0.088532194774234,7.05564676784989,0.0885321947742375,7.05564676784991,"2020-07-04",165,6.92503371478241,0.0810644994779297,6.99590520547945,7.00337290077576,-0.00255872750064219,-0.0025587275006389,0.00064060565212419,-1,-1,1
28049,"Hinds","Mississippi",0.0991125052555529,7.22882144647467,0.0991125052555555,7.22882144647469,"2020-07-05",166,6.9782137426307,0.0886150223370751,7.14484158312685,7.15533906604533,0.0105803104813189,0.010580310481318,0.00755052285914541,1,1,1
28049,"Hinds","Mississippi",0.0760466025491879,7.14340673007931,0.0760466025491864,7.14340673007929,"2020-07-06",167,7.02388615692649,0.0739055908973098,7.12627863686428,7.12841964851616,-0.023065902706365,-0.0230659027063691,-0.0147094314397653,-1,-1,-1
28049,"Hinds","Mississippi",0.0715649979793967,7.18360049607016,0.0715649979793946,7.18360049607015,"2020-07-07",168,7.06573535200897,0.0689296530114358,7.16251773632648,7.16515308129443,-0.0044816045697912,-0.0044816045697918,-0.004975937885874,-1,-1,-1
28049,"Hinds","Mississippi",0.0615819271278945,7.17530092723754,0.0615819271278975,7.17530092723756,"2020-07-08",169,7.1048481530964,0.0624991536516759,7.18263873942779,7.18172151290401,-0.00998307085150219,-0.0099830708514971,-0.0064304993597599,-1,-1,-1
28049,"Hinds","Mississippi",0.0548284247165166,7.18285483507441,0.0548284247165141,7.18285483507439,"2020-07-09",170,7.13557360079586,0.0534171656294786,7.17156476237811,7.17297602146515,-0.00675350241137791,-0.0067535024113834,-0.00908198802219731,-1,-1,-1
28049,"Hinds","Mississippi",0.0613082736676208,7.28952205139976,0.0613082736676169,7.28952205139973,"2020-07-10",171,7.16449938429582,0.0612553288613775,7.28909849294982,7.28915143775605,0.00647984895110421,0.0064798489511028,0.00783816323189891,1,1,1
28049,"Hinds","Mississippi",0.0646695790559954,7.37772076817438,0.0646695790559955,7.37772076817438,"2020-07-11",172,7.19529448408601,0.0633267743137913,7.36697833023674,7.36832113497895,0.00336130538837459,0.0033613053883786,0.0020714454524138,1,1,1
28049,"Hinds","Mississippi",0.0531800278482877,7.35047393756871,0.0531800278482901,7.35047393756873,"2020-07-12",173,7.23386791733823,0.0526662507862755,7.34636372107261,7.34687749813463,-0.0114895512077077,-0.0114895512077054,-0.0106605235275158,-1,-1,-1
28049,"Hinds","Mississippi",0.0456724142957966,7.34359305699707,0.0456724142957965,7.34359305699707,"2020-07-13",174,7.27319172858944,0.0451161336571451,7.33914281188786,7.33969909252651,-0.0075076135524911,-0.0075076135524936,-0.0075501171291304,-1,-1,-1
28049,"Hinds","Mississippi",0.0418491950824778,7.35867971758632,0.0418491950824773,7.35867971758631,"2020-07-14",175,7.30085857953442,0.0447725018530515,7.3820661717509,7.37914286498033,-0.0038232192133188,-0.0038232192133192,-0.000343631804093601,-1,-1,-1
28049,"Hinds","Mississippi",0.0391128010874297,7.37863776070841,0.0391128010874295,7.37863776070841,"2020-07-15",176,7.32993702512299,0.0400219764586459,7.38591116367814,7.38500198830692,-0.0027363939950481,-0.0027363939950478,-0.0047505253944056,-1,-1,-1
28049,"Hinds","Mississippi",0.0307254476994615,7.35065173469209,0.030725447699461,7.35065173469209,"2020-07-16",177,7.36346074638382,0.0333577347159631,7.3717100308241,7.3690777438076,-0.0083873533879682,-0.0083873533879685,-0.0066642417426828,-1,-1,-1
28049,"Hinds","Mississippi",0.0289257834999606,7.36697986879555,0.0289257834999601,7.36697986879554,"2020-07-17",178,7.38247988969469,0.0307415448787715,7.38150595982603,7.37969019844722,-0.0017996641995009,-0.0017996641995009,-0.0026161898371916,-1,-1,-1
28049,"Hinds","Mississippi",0.0307950997901841,7.4108601826173,0.0307950997901862,7.41086018261731,"2020-07-18",179,7.39563390853621,0.0316588810702565,7.41777043285787,7.41690665157781,0.0018693162902235,0.0018693162902261,0.000917336191485003,1,1,1
28049,"Hinds","Mississippi",0.0385734332522248,7.5038819501038,0.0385734332522212,7.50388195010378,"2020-07-19",180,7.40297403236893,0.0392494422910964,7.50929002241478,7.50861401337591,0.0077783334620407,0.007778333462035,0.0075905612208399,1,1,1
28049,"Hinds","Mississippi",0.0393238112512155,7.54845840734795,0.0393238112512142,7.54845840734794,"2020-07-20",181,7.41017423697358,0.0390074859399834,7.5459278048581,7.54624413016932,0.000750377998990699,0.000750377998993003,-0.000241956351113001,1,1,-1
28049,"Hinds","Mississippi",0.0276668509449777,7.49452653614927,0.0276668509449776,7.49452653614927,"2020-07-21",182,7.4290968444761,0.0293784449795342,7.50821928842571,7.50650769439116,-0.0116569603062378,-0.0116569603062366,-0.0096290409604492,-1,-1,-1
28049,"Hinds","Mississippi",0.0290784455885654,7.53348614424294,0.0290784455885644,7.53348614424294,"2020-07-22",183,7.44941489713431,0.0302542946493302,7.54289293672906,7.5417170876683,0.0014115946435877,0.0014115946435868,0.000875849669795998,1,1,1
28049,"Hinds","Mississippi",0.0335237212608346,7.59812679520966,0.0335237212608348,7.59812679520966,"2020-07-23",184,7.4697356161052,0.0329408817771368,7.59346407934008,7.59404691882378,0.0044452756722692,0.0044452756722704,0.0026865871278066,1,1,1
28049,"Hinds","Mississippi",0.0190191433108643,7.51561389287074,0.0190191433108637,7.51561389287073,"2020-07-24",185,7.49926516282467,0.0230954391896903,7.54822425990134,7.54414796402252,-0.0145045779499703,-0.0145045779499711,-0.0098454425874465,-1,-1,-1
28049,"Hinds","Mississippi",0.013154018841527,7.4877120404269,0.0131540188415267,7.4877120404269,"2020-07-25",186,7.52764028344817,0.0190559970042254,7.53492786572849,7.52902588756579,-0.0058651244693373,-0.005865124469337,-0.0040394421854649,-1,-1,-1
28049,"Hinds","Mississippi",0.00734012383271686,7.45435489919794,0.00734012383271487,7.45435489919793,"2020-07-26",187,7.5569505720129,0.0149769287917392,7.51544933887012,7.50781253391111,-0.00581389500881014,-0.00581389500881183,-0.0040790682124862,-1,-1,-1
28049,"Hinds","Mississippi",0.00720020460465057,7.46057566920613,0.00720020460465154,7.46057566920614,"2020-07-27",188,7.58578882173203,0.0150949257183835,7.523733438116,7.51583871700226,-0.00013991922806629,-0.00013991922806333,0.0001179969266443,-1,-1,1
28049,"Hinds","Mississippi",0.0189226075025221,7.56155509699376,0.0189226075025228,7.56155509699376,"2020-07-28",189,7.61536874500767,0.0191373498331777,7.563273035639,7.56305829330834,0.0117224028978715,0.0117224028978713,0.0040424241147942,1,1,1
28049,"Hinds","Mississippi",0.0203180526582058,7.59164126574175,0.0203180526582054,7.59164126574174,"2020-07-29",190,7.64355135568943,0.0209731390577253,7.5968819569379,7.59622687053839,0.0013954451556837,0.0013954451556826,0.0018357892245476,1,1,1
28049,"Hinds","Mississippi",0.0203207189708942,7.61198064890146,0.0203207189708943,7.61198064890146,"2020-07-30",191,7.67328956409705,0.0215392358877029,7.62172878423593,7.62051026731912,2.66631268840134e-06,2.66631268890094e-06,0.000566096829977603,1,1,1
28049,"Hinds","Mississippi",0.0295295467194623,7.7059719898609,0.0295295467194645,7.70597198986092,"2020-07-31",192,7.69822360301589,0.0283999193366004,7.696934970798,7.69806459818087,0.0092088277485681,0.0092088277485702,0.0068606834488975,1,1,1
28049,"Hinds","Mississippi",0.0283751206234985,7.72626612781265,0.0283751206235001,7.72626612781267,"2020-08-01",193,7.71881247126365,0.0272198246571825,7.71702376008213,7.71817905604845,-0.0011544260959638,-0.0011544260959644,-0.0011800946794179,-1,-1,-1
28049,"Hinds","Mississippi",0.0293102885647338,7.76212259196604,0.0293102885647345,7.76212259196604,"2020-08-02",194,7.73318307026495,0.0269680761643865,7.74338489276326,7.74572710516361,0.000935167941235302,0.0009351679412344,-0.000251748492795998,1,1,-1
28049,"Hinds","Mississippi",0.0288382497191339,7.78765656976597,0.0288382497191346,7.78765656976598,"2020-08-03",195,7.74258801642247,0.0273310701421994,7.7755991331505,7.77710631272743,-0.0004720388455999,-0.0004720388455999,0.000362993977812899,-1,-1,1
28049,"Hinds","Mississippi",0.0295799232756318,7.82242820793709,0.029579923275632,7.82242820793709,"2020-08-04",196,7.74796686644919,0.02804353513325,7.81013710279803,7.81167349094042,0.000741673556497898,0.000741673556497402,0.000712464991050599,1,1,1
28049,"Hinds","Mississippi",0.0281826106817688,7.84082963046181,0.0281826106817666,7.8408296304618,"2020-08-05",197,7.75208956865502,0.0272753989283541,7.8335719364345,7.83447914818791,-0.001397312593863,-0.0013973125938654,-0.000768136204895898,-1,-1,-1
28049,"Hinds","Mississippi",0.0297382084076172,7.88145702295037,0.0297382084076174,7.88145702295037,"2020-08-06",198,7.74839839251698,0.0279019210835231,7.86676672435761,7.86860301168171,0.0015555977258484,0.0015555977258508,0.000626522155169,1,1,1
28049,"Hinds","Mississippi",0.0249340389188416,7.87276187544778,0.0249340389188406,7.87276187544778,"2020-08-07",199,7.73805229768932,0.0246490574705617,7.87048202386154,7.87076700530982,-0.0048041694887756,-0.0048041694887768,-0.0032528636129614,-1,-1,-1
28049,"Hinds","Mississippi",0.0205888682477555,7.86293454899794,0.0205888682477555,7.86293454899794,"2020-08-08",200,7.72734629466471,0.0200566306300759,7.8586766480565,7.85920888567418,-0.0043451706710861,-0.0043451706710851,-0.0045924268404858,-1,-1,-1
28049,"Hinds","Mississippi",0.0143705990013057,7.83377726327409,0.0143705990013041,7.83377726327408,"2020-08-09",201,7.71416736730514,0.0146005243988504,7.83561666645445,7.8353867410569,-0.0062182692464498,-0.0062182692464514,-0.0054561062312255,-1,-1,-1
28049,"Hinds","Mississippi",0.00940494615752174,7.80842263952513,0.00940494615752296,7.80842263952513,"2020-08-10",202,7.70132939651856,0.0122449568982347,7.83114272545083,7.82830271471011,-0.00496565284378396,-0.00496565284378114,-0.0023555675006157,-1,-1,-1
28049,"Hinds","Mississippi",0.00537885002671227,7.78561881663617,0.00537885002671423,7.78561881663619,"2020-08-11",203,7.68314055777905,0.00997733316252874,7.8224066817227,7.81780819858689,-0.00402609613080947,-0.00402609613080873,-0.00226762373570596,-1,-1,-1
28049,"Hinds","Mississippi",0.00412270220583167,7.78094848409584,0.00412270220583189,7.78094848409584,"2020-08-12",204,7.65775527113487,0.00801899109035645,7.81211879517204,7.80822250628751,-0.0012561478208806,-0.00125614782088234,-0.00195834207217229,-1,-1,-1
28049,"Hinds","Mississippi",-0.00369117613804188,7.72256015955068,0,7.74839839251698,"2020-08-13",205,7.62705741701893,-0.00431675704968115,7.71755551225757,7.71818109316921,-0.00781387834387355,-0.00412270220583189,-0.0123357481400376,-1,-1,-1
28049,"Hinds","Mississippi",-0.0103460948276638,7.66562963389567,0,7.73805229768932,"2020-08-14",206,7.59560272644718,-0.00901012879479729,7.6763173621586,7.67498139612574,-0.00665491868962192,0,-0.00469337174511614,-1,0,-1
28049,"Hinds","Mississippi",-0.0107060030246056,7.65240427349247,0,7.72734629466471,"2020-08-15",207,7.55425998743011,-0.00888392502491386,7.66698089749001,7.66515881949031,-0.000359908196941799,0,0.00012620376988343,-1,0,1
28049,"Hinds","Mississippi",-0.0131789273595741,7.62191487578812,0,7.71416736730514,"2020-08-16",208,7.50800365574659,-0.0111819344566177,7.63789081901177,7.63589382610882,-0.0024729243349685,0,-0.00229800943170384,-1,0,-1
28049,"Hinds","Mississippi",-0.0128379707865746,7.61146360101254,0,7.70132939651856,"2020-08-17",209,7.45049476599366,-0.0108976416727668,7.62698623392301,7.62504590480919,0.0003409565729995,0,0.000284292783850899,1,0,1
28049,"Hinds","Mississippi",-0.0181888387395116,7.55581868660247,0,7.68314055777905,"2020-08-18",210,7.39607233197259,-0.0152435400254525,7.57938107631494,7.57643577760088,-0.005350867952937,0,-0.0043458983526857,-1,0,-1
28049,"Hinds","Mississippi",-0.0253852866441891,7.48005826462554,0,7.65775527113487,"2020-08-19",211,7.34157643209752,-0.0212169860466092,7.51340466940618,7.50923636880861,-0.0071964479046775,0,-0.0059734460211567,-1,0,-1
28049,"Hinds","Mississippi",-0.0306978541159285,7.41217243820743,0,7.62705741701893,"2020-08-20",212,7.28531070050023,-0.0240050869977456,7.46571457515291,7.45902180803471,-0.0053125674717394,0,-0.0027881009511364,-1,0,-1
28049,"Hinds","Mississippi",-0.0314546905717508,7.37541989244492,0,7.59560272644718,"2020-08-21",213,7.22131393184724,-0.0266597319554869,7.41377956137504,7.40898460275877,-0.0007568364558223,0,-0.0026546449577413,-1,0,-1
28049,"Hinds","Mississippi",-0.0413427390170706,7.26486081431061,0,7.55425998743011,"2020-08-22",214,7.16924003591712,-0.0326165843727247,7.33467005146538,7.32594389682104,-0.0098880484453198,0,-0.0059568524172378,-1,0,-1
28049,"Hinds","Mississippi",-0.0462563316835218,7.18420933396194,0,7.50800365574659,"2020-08-23",215,7.12516815558736,-0.0350098172382984,7.27418144952372,7.2629349350785,-0.0049135926664512,0,-0.0023932328655737,-1,0,-1
28049,"Hinds","Mississippi",-0.0575088897529234,7.0479325377232,0,7.45049476599366,"2020-08-24",216,7.09233618628235,-0.0409664531321077,7.18027203068973,7.16372959406891,-0.0112525580694016,0,-0.0059566358938093,-1,0,-1
28049,"Hinds","Mississippi",-0.0544224340210788,7.01511529382503,0,7.39607233197259,"2020-08-25",217,7.05321524247193,-0.0415404347339944,7.1181712881217,7.10528928883463,0.0030864557318446,0,-0.000573981601886701,1,0,-1
28049,"Hinds","Mississippi",-0.054495899875063,6.96010513297208,0,7.34157643209752,"2020-08-26",218,7.01545591157214,-0.0426463424309513,7.05490159252498,7.04305203508086,-7.34658539842045e-05,0,-0.0011059076969569,-1,0,-1
28049,"Hinds","Mississippi",-0.0562657315972961,6.89145057931915,0,7.28531070050023,"2020-08-27",219,6.97887921147805,-0.0436152541703165,6.99265439873499,6.98000392130801,-0.0017698317222331,0,-0.000968911739365204,-1,0,-1
28049,"Hinds","Mississippi",-0.0639967686529929,6.77333655127629,0,7.22131393184724,"2020-08-28",220,6.95040417512949,-0.0471487975278174,6.90812032027769,6.89127234915252,-0.0077310370556968,0,-0.0035335433575009,-1,0,-1
28049,"Hinds","Mississippi",-0.0520738959301171,6.8047227644063,0,7.16924003591712,"2020-08-29",221,6.9223623599425,-0.044115049124078,6.86839353885462,6.86043469204857,0.0119228727228758,0,0.0030337484037394,1,0,1
28049,"Hinds","Mississippi",-0.044071880329754,6.81666499327908,0,7.12516815558736,"2020-08-30",222,6.89770494312864,-0.040824811127187,6.84264154689962,6.83939447769705,0.0080020156003631,0,0.003290237996891,1,0,1
28049,"Hinds","Mississippi",-0.0328319693050078,6.8625124011473,0,7.09233618628235,"2020-08-31",223,6.87360739154957,-0.0313944235602439,6.87401276710541,6.87257522136064,0.0112399110247462,0,0.0094303875669431,1,0,1
28049,"Hinds","Mississippi",-0.0391209438104212,6.77936863579899,0,7.05321524247193,"2020-09-01",224,6.8501261661455,-0.0366864997625834,6.79884418818168,6.79640974413385,-0.0062889745054134,0,-0.0052920762023395,-1,0,-1
28049,"Hinds","Mississippi",-0.0377593308997904,6.75114059527361,0,7.01545591157214,"2020-09-02",225,6.82499459524155,-0.0341519534105761,6.77999961518732,6.77639223769811,0.0013616129106308,0,0.0025345463520073,1,0,1
28049,"Hinds","Mississippi",-0.0365767000940972,6.72284231081937,0,6.97887921147805,"2020-09-03",226,6.79969270334763,-0.0337912806598635,6.74512566629323,6.74234024685901,0.0011826308056932,0,0.000360672750712603,1,0,1
28049,"Hinds","Mississippi",-0.0284750363485566,6.75107892068959,0,6.95040417512949,"2020-09-04",227,6.78267784664059,-0.0281528981973425,6.75365602589931,6.75333388774809,0.0081016637455406,0,0.005638382462521,1,0,1
28049,"Hinds","Mississippi",-0.0280418151869876,6.72606965363359,0,6.9223623599425,"2020-09-05",228,6.76289464606197,-0.0275496673638677,6.73000683621855,6.72951468839543,0.000433221161568999,0,0.000603230833474799,1,0,1
28049,"Hinds","Mississippi",-0.0246574168138635,6.72510302543159,0,6.89770494312864,"2020-09-06",229,6.74220655420251,-0.0238654698374864,6.73143860124261,6.73064665426624,0.0033843983731241,0,0.0036841975263813,1,0,1
28049,"Hinds","Mississippi",-0.0240975515790582,6.70492453049617,0,6.87360739154957,"2020-09-07",230,6.71935816042629,-0.0251936361785805,6.6961558537,6.69725193829951,0.0005598652348053,0,-0.0013281663410941,1,0,-1
28049,"Hinds","Mississippi",-0.0234812254040744,6.68575758831698,0,6.8501261661455,"2020-09-08",231,6.69950034016168,-0.0252172917753062,6.67186905734712,6.67360512371836,0.000616326174983799,0,-2.3655596725701e-05,1,0,-1
28049,"Hinds","Mississippi",-0.0251315709039516,6.64907359891389,0,6.82499459524155,"2020-09-09",232,6.67221376093936,-0.0265406747480607,6.63780076816102,6.63920987200513,-0.0016503454998772,0,-0.0013233829727545,-1,0,-1
28049,"Hinds","Mississippi",-0.0253018918939212,6.62257946009019,0,6.79969270334763,"2020-09-10",233,6.64490518223154,-0.0258049155155263,6.61855527111734,6.61905829473895,-0.000170320989969601,0,0.0007357592325344,-1,0,1
28049,"Hinds","Mississippi",-0.0170148567070443,6.66357384969128,0,6.78267784664059,"2020-09-11",234,6.61682985731689,-0.0186319763037468,6.65063689291766,6.65225401251436,0.0082870351868769,0,0.0071729392117795,1,0,1
28049,"Hinds","Mississippi",-0.0197832005786149,6.62441224201167,0,6.76289464606197,"2020-09-12",235,6.58695952174593,-0.0217255369945389,6.60887355068428,6.6108158871002,-0.0027683438715706,0,-0.0030935606907921,-1,0,-1
28049,"Hinds","Mississippi",-0.0206880918594604,6.59738991118629,0,6.74220655420251,"2020-09-13",236,6.54555489378819,-0.0228422913121523,6.58015631556475,6.58231051501744,-0.000904891280845501,0,-0.0011167543176134,-1,0,-1
28049,"Hinds","Mississippi",-0.022848393776223,6.55941940399273,0,6.71935816042629,"2020-09-14",237,6.49569705540433,-0.0236034802632893,6.5533787120962,6.55413379858326,-0.0021603019167626,0,-0.000761188951136998,-1,0,-1
28049,"Hinds","Mississippi",-0.0198578202646063,6.56049559830943,0,6.69950034016168,"2020-09-15",238,6.44639986021423,-0.0182291138000274,6.57352525002607,6.57189654356149,0.0029905735116167,0,0.0053743664632619,1,0,1
28049,"Hinds","Mississippi",-0.0272865792223169,6.48120770638315,0,6.67221376093936,"2020-09-16",239,6.41322473770265,-0.0262817483013808,6.48924635375063,6.48824152282969,-0.0074287589577106,0,-0.0080526345013534,-1,0,-1
28049,"Hinds","Mississippi",-0.0273085787078227,6.45374513127678,0,6.64490518223154,"2020-09-17",240,6.38374791851408,-0.0260481800251505,6.46382832073816,6.46256792205549,-2.19994855058005e-05,0,0.000233568276230299,-1,0,1
28049,"Hinds","Mississippi",-0.0280753249146452,6.42030258291438,0,6.61682985731689,"2020-09-18",241,6.34738920965601,-0.0266222576769443,6.43192712081599,6.43047405357828,-0.000766746206822499,0,-0.000574077651793799,-1,0,-1
28049,"Hinds","Mississippi",-0.0298703355709597,6.37786717274921,0,6.58695952174593,"2020-09-19",242,6.31613269491163,-0.0290890504041063,6.38411745408404,6.38333616891719,-0.0017950106563145,0,-0.002466792727162,-1,0,-1
28049,"Hinds","Mississippi",-0.0414046279577356,6.25572249808404,0,6.54555489378819,"2020-09-20",243,6.29183365483562,-0.0366040700348791,6.2941269614669,6.28932640354404,-0.0115342923867759,0,-0.0075150196307728,-1,0,-1
28049,"Hinds","Mississippi",-0.0498578383838609,6.1466921867173,0,6.49569705540433,"2020-09-21",244,6.26747158797926,-0.0422762882783919,6.20734458756105,6.19976303745559,-0.0084532104261253,0,-0.0056722182435128,-1,0,-1
28049,"Hinds","Mississippi",-0.0492971951900901,6.1013194938836,0,6.44639986021423,"2020-09-22",245,6.24887148938804,-0.0443804904472171,6.14065313182659,6.13573642708371,0.000560643193770805,0,-0.0021042021688252,1,0,-1
28049,"Hinds","Mississippi",-0.033175122511587,6.18099888012154,0,6.41322473770265,"2020-09-23",246,6.22597185707251,-0.032399835010194,6.18720118013268,6.18642589263129,0.0161220726785031,0,0.0119806554370231,1,0,1
28049,"Hinds","Mississippi",-0.0294768191885651,6.17741018419413,0,6.38374791851408,"2020-09-24",247,6.21260609575152,-0.0293913820608635,6.17809368121574,6.17800824408804,0.0036983033230219,0,0.0030084529493305,1,0,1
28049,"Hinds","Mississippi",-0.0363587088580736,6.0928782476495,0,6.34738920965601,"2020-09-25",248,6.20916473875613,-0.0348969946555746,6.10457196126948,6.10311024706699,-0.0068818896695085,0,-0.0055056125947111,-1,0,-1
28049,"Hinds","Mississippi",-0.0312565147443816,6.09733709170096,0,6.31613269491163,"2020-09-26",249,6.20253551718792,-0.0303429667141636,6.1046454759427,6.10373192791249,0.005102194113692,0,0.004554027941411,1,0,1
28049,"Hinds","Mississippi",-0.0242990400760104,6.12174037430355,0,6.29183365483562,"2020-09-27",250,6.19876903439245,-0.0256265953161223,6.11111993238265,6.11244748762276,0.0069574746683712,0,0.0047163713980413,1,0,1
28049,"Hinds","Mississippi",-0.0243620668563569,6.09693711998476,0,6.26747158797926,"2020-09-28",251,6.20369158668084,-0.0243620576919824,6.09693719329976,6.09693718413538,-6.30267803465e-05,0,0.0012645376241399,-1,0,1
28049,"Hinds","Mississippi",-0.018600098591213,6.11867079924955,0,6.24887148938804,"2020-09-29",252,6.20571149791444,-0.0204546898842582,6.1038340689052,6.10568866019823,0.0057619682651439,0,0.0039073678077242,1,0,1
28049,"Hinds","Mississippi",-0.0228996323155346,6.06567443086377,0,6.22597185707251,"2020-09-30",253,6.20859002609663,-0.0230917329116256,6.06413762609503,6.06432972669113,-0.0042995337243216,0,-0.0026370430273674,-1,0,-1
28049,"Hinds","Mississippi",-0.0133657613209899,6.11904576650459,0,6.21260609575152,"2020-10-01",254,6.21489377189935,-0.0143072358423934,6.11151397033336,6.11245544485477,0.0095338709945447,0,0.0087844970692322,1,0,1
28049,"Hinds","Mississippi",-0.00344135699539377,6.18507523978837,0,6.20916473875613,"2020-10-02",255,6.21632091642587,-0.00966553665429206,6.13528180251718,6.14150598217609,0.00992440432559613,0,0.00464169918810134,1,0,1
28049,"Hinds","Mississippi",-0.00662922156820091,6.15613096621052,0,6.20253551718792,"2020-10-03",256,6.21174686614116,-0.0106715786899575,6.12379210923647,6.12783446635822,-0.00318786457280714,0,-0.00100604203566544,-1,0,-1
28049,"Hinds","Mississippi",-0.00376648279547692,6.17240365482411,0,6.19876903439245,"2020-10-04",257,6.21088689762034,-0.00905207515131945,6.13011891597736,6.13540450833321,0.00286273877272399,0,0.00161950353863805,1,0,1
28049,"Hinds","Mississippi",0.00492255228839488,6.23814945269961,0.004922552288396,6.23814945269961,"2020-10-05",258,6.21260609575152,0.00553913172434478,6.24308208818721,6.24246550875125,0.0086890350838718,0.004922552288396,0.0145912068756642,1,1,1
28049,"Hinds","Mississippi",0.00201991123359595,6.21985087654961,0.00201991123359591,6.21985087654961,"2020-10-06",259,6.21632091642587,0.00428167063813935,6.23794495178595,6.23568319238142,-0.00290264105479893,-0.00290264105480009,-0.00125746108620543,-1,-1,-1
28049,"Hinds","Mississippi",0.00287852818219055,6.22873972337196,0.00287852818219125,6.22873972337197,"2020-10-07",260,6.21774602711312,0.00364675201526944,6.2348855140366,6.23411729020352,0.0008586169485946,0.00085861694859534,-0.00063491862286991,1,1,-1
28049,"Hinds","Mississippi",0.00630374580272486,6.25901999251843,0.00630374580272353,6.25901999251842,"2020-10-08",261,6.21031317413931,0.00637179048870781,6.25956435000629,6.2594963053203,0.00342521762053431,0.00342521762053228,0.00272503847343837,1,1,1
28049,"Hinds","Mississippi",0.00142714452651482,6.22631092811147,0.00142714452651393,6.22631092811146,"2020-10-09",262,6.20657592672493,0.00464542568110095,6.25205717734816,6.24883889619358,-0.00487660127621004,-0.0048766012762096,-0.00172636480760686,-1,-1,-1
28049,"Hinds","Mississippi",-0.00457405028470582,6.17972851414822,0,6.21174686614116,"2020-10-10",263,6.21860011969173,-0.00745930912392245,6.15664644343449,6.1595317022737,-0.00600119481122064,-0.00142714452651393,-0.0121047348050234,-1,-1,-1
28049,"Hinds","Mississippi",-0.000859968520821159,6.20486711797459,0,6.21088689762034,"2020-10-11",264,6.22710116266966,-0.00645980543994254,6.16006842262162,6.16566825954074,0.00371408176388466,0,0.000999503683979911,1,0,1
28049,"Hinds","Mississippi",0.001719198131182,6.22464048266979,0.00171919813118127,6.22464048266979,"2020-10-12",265,6.23357003630358,0.00575726279413329,6.25694499997341,6.25290693531045,0.00257916665200316,0.00171919813118127,0.0122170682340758,1,1,1
28049,"Hinds","Mississippi",0.00371482067434774,6.2423246611463,0.00371482067434759,6.2423246611463,"2020-10-13",266,6.23692856171071,0.00577271372697556,6.25878780556732,6.2567299125147,0.00199562254316574,0.00199562254316632,1.54509328422698e-05,1,1,1
28049,"Hinds","Mississippi",0.00142511068725313,6.22772180192389,0.00142511068725337,6.22772180192389,"2020-10-14",267,6.23999733242701,0.00480506101583853,6.25476140455258,6.25138145422399,-0.00228970998709461,-0.00228970998709422,-0.00096765271113703,-1,-1,-1
28049,"Hinds","Mississippi",-0.007432852973807,6.15828320332266,0,6.21031317413931,"2020-10-15",268,6.26530121273771,-0.00740725301704778,6.15848800297674,6.15846240301998,-0.00885796366106013,-0.00142511068725337,-0.0122123140328863,-1,-1,-1
28049,"Hinds","Mississippi",-0.00373724741438225,6.18041519482425,0,6.20657592672493,"2020-10-16",269,6.29973675181855,-0.00715488412168392,6.15307410116584,6.15649173787314,0.00369560555942475,0,0.00025236889536386,1,0,1
28049,"Hinds","Mississippi",0.0120241929668021,6.30276947045934,0.012024192966801,6.30276947045934,"2020-10-17",270,6.32230873101219,0.0125202427708508,6.30673786889174,6.30624181908768,0.0157614403811843,0.012024192966801,0.0196751268925347,1,1,1
28049,"Hinds","Mississippi",0.00850104297793016,6.28660846351517,0.00850104297792864,6.28660846351516,"2020-10-18",271,6.34086308207594,0.00828153231078562,6.28485237817802,6.28507188884516,-0.00352314998887194,-0.00352314998887236,-0.00423871046006518,-1,-1,-1
28049,"Hinds","Mississippi",0.00646887363392057,6.27885215174102,0.00646887363392157,6.27885215174103,"2020-10-19",272,6.36597940917505,0.00811648794535172,6.29203306623247,6.29038545192104,-0.00203216934400959,-0.00203216934400707,-0.000165044365433901,-1,-1,-1
28049,"Hinds","Mississippi",0.00335852540713259,6.26043823956064,0.00335852540713244,6.26043823956064,"2020-10-20",273,6.39669153162888,0.00596544772556574,6.28129361810811,6.27868669578967,-0.00311034822678798,-0.00311034822678913,-0.00215104021978598,-1,-1,-1
28049,"Hinds","Mississippi",0.00306877071629988,6.26147872744111,0.00306877071630041,6.26147872744111,"2020-10-21",274,6.42787445906557,0.00574144110452236,6.28286009054689,6.28018742015867,-0.00028975469083271,-0.00028975469083203,-0.00022400662104338,-1,-1,-1
28049,"Hinds","Mississippi",0.0253038803106986,6.4424283749126,0.0253038803106982,6.4424283749126,"2020-10-22",275,6.44481237830697,0.0241885676637366,6.4335058737369,6.43462118638387,0.0222351095943987,0.0222351095943978,0.0184471265592142,1,1,1
28049,"Hinds","Mississippi",0.0344355390808374,6.54078552538441,0.0344355390808362,6.5407855253844,"2020-10-23",276,6.45001895486789,0.0336328107478311,6.53436369872036,6.53516642705337,0.0091316587701388,0.009131658770138,0.0094442430840945,1,1,1
28049,"Hinds","Mississippi",0.0225719791936452,6.48031258536771,0.0225719791936472,6.48031258536772,"2020-10-24",277,6.46991454797263,0.020912611915966,6.46703764714628,6.46869701442395,-0.0118635598871922,-0.011863559887189,-0.0127201988318651,-1,-1,-1
28049,"Hinds","Mississippi",0.0185543510637452,6.47074353952215,0.0185543510637443,6.47074353952215,"2020-10-25",278,6.49440199802497,0.0173756004312379,6.46131353446209,6.46249228509461,-0.0040176281299,-0.0040176281299029,-0.0035370114847281,-1,-1,-1
28049,"Hinds","Mississippi",0.0251163270991088,6.54179369886881,0.0251163270991084,6.5417936988688,"2020-10-26",279,6.51471269087253,0.0234136508615229,6.52817228896812,6.52987496520571,0.0065619760353636,0.0065619760353641,0.006038050430285,1,1,1
28049,"Hinds","Mississippi",0.030712122453835,6.61167638880573,0.030712122453834,6.61167638880572,"2020-10-27",280,6.52962736709209,0.0288769253382312,6.5969948118809,6.5988300089965,0.0055957953547262,0.0055957953547256,0.0054632744767083,1,1,1
28049,"Hinds","Mississippi",0.0311829274366878,6.64615495112238,0.0311829274366877,6.64615495112238,"2020-10-28",281,6.54617034154585,0.0309532030557727,6.64431715607506,6.64454688045598,0.000470804982852801,0.000470804982853699,0.0020762777175415,1,1,1
28049,"Hinds","Mississippi",0.016937919241406,6.56337781299682,0.016937919241407,6.56337781299682,"2020-10-29",282,6.56687333387222,0.0163648621087763,6.55879335593578,6.55936641306841,-0.0142450081952818,-0.0142450081952807,-0.0145883409469964,-1,-1,-1
28049,"Hinds","Mississippi",0.00520657656090912,6.48646499079425,0.00520657656091039,6.48646499079426,"2020-10-30",283,6.5845940564206,0.00839136220617307,6.51194327595636,6.5087584903111,-0.0117313426804969,-0.0117313426804966,-0.00797349990260323,-1,-1,-1
28049,"Hinds","Mississippi",0.0198955931047488,6.60918369970588,0.0198955931047493,6.60918369970588,"2020-10-31",284,6.59460886766442,0.0198161675237353,6.60854829505777,6.60862772063878,0.0146890165438397,0.0146890165438389,0.0114248053175622,1,1,1
28049,"Hinds","Mississippi",0.0244874500523312,6.66581414839128,0.0244874500523311,6.66581414839128,"2020-11-01",285,6.60006484378638,0.023103119268038,6.65473950211693,6.65612383290124,0.0045918569475824,0.0045918569475818,0.0032869517443027,1,1,1
28049,"Hinds","Mississippi",0.0203106928475665,6.6568875408055,0.0203106928475645,6.65688754080548,"2020-11-02",286,6.6074220889768,0.0197582962731065,6.65246836820982,6.65302076478428,-0.0041767572047647,-0.0041767572047666,-0.0033448229949315,-1,-1,-1
28049,"Hinds","Mississippi",0.014914676219561,6.63403010062902,0.0149146762195613,6.63403010062902,"2020-11-03",287,6.6164475943153,0.0145082509515878,6.63077869848523,6.6311851237532,-0.0053960166280055,-0.0053960166280032,-0.0052500453215187,-1,-1,-1
28049,"Hinds","Mississippi",0.0165429744537588,6.66197116272216,0.016542974453758,6.66197116272216,"2020-11-04",288,6.62992923779366,0.0159252911014896,6.65702969590401,6.65764737925628,0.0016282982341978,0.0016282982341967,0.0014170401499018,1,1,1
28049,"Hinds","Mississippi",0.0207029923263727,6.71179428015683,0.020702992326374,6.71179428015684,"2020-11-05",289,6.64323154167351,0.0199728813106587,6.70595339203112,6.70668350304683,0.0041600178726139,0.004160017872616,0.0040475902091691,1,1,1
28049,"Hinds","Mississippi",0.017720722548373,6.70863911425921,0.0177207225483729,6.70863911425921,"2020-11-06",290,6.65323162500809,0.017704937511107,6.70851283396108,6.70852861899835,-0.0029822697779997,-0.0029822697780011,-0.0022679437995517,-1,-1,-1
28049,"Hinds","Mississippi",0.0100148112438247,6.66471254637119,0.0100148112438241,6.66471254637119,"2020-11-07",291,6.65415252018322,0.0118406451665099,6.67931921775268,6.67749338382999,-0.0077059113045483,-0.0077059113045488,-0.0058642923445971,-1,-1,-1
28049,"Hinds","Mississippi",0.00545597612195443,6.63825667664006,0.00545597612195525,6.63825667664006,"2020-11-08",292,6.66349752634873,0.00787850267994927,6.65763688910401,6.65521436254603,-0.00455883512187027,-0.00455883512186885,-0.00396214248656063,-1,-1,-1
28049,"Hinds","Mississippi",0.00735724519042269,6.65892280530976,0.00735724519042247,6.65892280530976,"2020-11-09",293,6.67672355481892,0.00841427158771455,6.6673790164881,6.6663219900908,0.00190126906846826,0.00190126906846722,0.00053576890776528,1,1,1
28049,"Hinds","Mississippi",0.00902550533849809,6.67962613168478,0.00902550533849933,6.67962613168479,"2020-11-10",294,6.69137452261874,0.0103753716802432,6.69042506241875,6.689075196077,0.0016682601480754,0.00166826014807686,0.00196110009252865,1,1,1
28049,"Hinds","Mississippi",0.0134816434783616,6.72430074214219,0.01348164347836,6.72430074214218,"2020-11-11",295,6.70773516549642,0.0127032321230503,6.7180734512997,6.71885186265501,0.00445613813986351,0.00445613813986067,0.0023278604428071,1,1,1
28049,"Hinds","Mississippi",0.0133023038798515,6.73634766883247,0.0133023038798514,6.73634766883247,"2020-11-12",296,6.72777383912036,0.0137977384224326,6.74031114517312,6.73981571063054,-0.0001793395985101,-0.000179339598508601,0.0010945062993823,-1,-1,1
28049,"Hinds","Mississippi",0.010000083334582,6.72323220835016,0.0100000833345826,6.72323220835017,"2020-11-13",297,6.75908952938545,0.010888334264645,6.73033821579067,6.7294499648606,-0.0033022205452695,-0.0033022205452688,-0.0029094041577876,-1,-1,-1
28049,"Hinds","Mississippi",0.00092089517512895,6.66059878640912,0.000920895175127612,6.66059878640911,"2020-11-14",298,6.80032913932775,0.0049394873151771,6.69274752352951,6.68872893138946,-0.00907918815945305,-0.00907918815945499,-0.0059488469494679,-1,-1,-1
28049,"Hinds","Mississippi",0.00934500616551591,6.72891256950735,0.00934500616551581,6.72891256950735,"2020-11-15",299,6.83380114114916,0.0102785659261088,6.73638104759209,6.73544748783149,0.00842411099038696,0.0084241109903882,0.0053390786109317,1,1,1
28049,"Hinds","Mississippi",0.0132260284701858,6.76930575411022,0.0132260284701866,6.76930575411023,"2020-11-16",300,6.86708208291465,0.0124990714096861,6.76349009762622,6.76421705468672,0.00388102230466989,0.00388102230467079,0.0022205054835773,1,1,1
28049,"Hinds","Mississippi",0.0146509677998254,6.79393129721752,0.014650967799823,6.79393129721751,"2020-11-17",301,6.89828197718966,0.0140368625206086,6.78901845498379,6.789632560263,0.0014249393296396,0.0014249393296364,0.0015377911109225,1,1,1
28049,"Hinds","Mississippi",0.0163606428776805,6.82225966564019,0.0163606428776797,6.82225966564018,"2020-11-18",302,6.93606503519356,0.0161498853926336,6.82057360575981,6.82078436324485,0.0017096750778551,0.0017096750778567,0.002113022872025,1,1,1
28049,"Hinds","Mississippi",0.0200386736239318,6.86804455448788,0.0200386736239331,6.86804455448789,"2020-11-19",303,6.97166860472579,0.0181325698877288,6.85279572459825,6.85470182833446,0.0036780307462513,0.0036780307462534,0.0019826844950952,1,1,1
28049,"Hinds","Mississippi",0.0313156902650893,6.97829936124107,0.0313156902650915,6.97829936124109,"2020-11-20",304,7.00241589721766,0.0289610274276325,6.95946205854142,6.96181672137888,0.0112770166411575,0.0112770166411584,0.0108284575399037,1,1,1
28049,"Hinds","Mississippi",0.0412396099423011,7.08900640892385,0.0412396099422985,7.08900640892384,"2020-11-21",305,7.04128667160666,0.0377635223558583,7.06119770823232,7.06467379581876,0.0099239196772118,0.009923919677207,0.0088024949282258,1,1,1
28049,"Hinds","Mississippi",0.0334720018214104,7.06810515389903,0.0334720018214085,7.06810515389902,"2020-11-22",306,7.08386711914178,0.0319472262213723,7.05590694909873,7.05743172469877,-0.0077676081208907,-0.00776760812089,-0.005816296134486,-1,-1,-1
28049,"Hinds","Mississippi",0.0332809417654974,7.10004867527313,0.0332809417654971,7.10004867527313,"2020-11-23",307,7.12136784007903,0.0323013378312842,7.09221184379943,7.09319144773364,-0.000191060055912996,-0.0001910600559114,0.000354111609911903,-1,-1,1
28049,"Hinds","Mississippi",0.0311998942750035,7.11668123711468,0.0311998942750034,7.11668123711468,"2020-11-24",308,7.1575129405748,0.0296548579092529,7.10432094618867,7.10586598255443,-0.0020810474904939,-0.0020810474904937,-0.0026464799220313,-1,-1,-1
28049,"Hinds","Mississippi",0.0377830580038988,7.20054644122085,0.0377830580039014,7.20054644122087,"2020-11-25",309,7.18754917858491,0.0353757768132032,7.18128819169529,7.18369547288598,0.0065831637288953,0.006583163728898,0.0057209189039503,1,1,1
28049,"Hinds","Mississippi",0.0356035695322308,7.22089359145141,0.0356035695322321,7.22089359145141,"2020-11-26",310,7.22131393184724,0.0333755156231325,7.20306916017862,7.20529721408772,-0.002179488471668,-0.0021794884716693,-0.0020002611900707,-1,-1,-1
28049,"Hinds","Mississippi",0.0307472924918735,7.21764694466078,0.0307472924918724,7.21764694466077,"2020-11-27",311,7.25225642198916,0.0307545179114769,7.2177047480176,7.217697522598,-0.0048562770403573,-0.0048562770403597,-0.0026209977116556,-1,-1,-1
28049,"Hinds","Mississippi",0.0388707743889959,7.31338209232963,0.0388707743889949,7.31338209232962,"2020-11-28",312,7.27527124609875,0.0361189486324226,7.29136748627704,7.29411931203362,0.0081234818971224,0.0081234818971225,0.0053644307209457,1,1,1
28049,"Hinds","Mississippi",0.0425804475351228,7.38193025188764,0.0425804475351228,7.38193025188764,"2020-11-29",313,7.30268893503796,0.0402050056246345,7.36292671660374,7.36530215851422,0.0037096731461269,0.0037096731461279,0.0040860569922119,1,1,1
28049,"Hinds","Mississippi",0.0375007209372513,7.38387288663979,0.0375007209372544,7.38387288663982,"2020-11-30",314,7.33414283533217,0.0353119470318041,7.36636269539621,7.36855146930166,-0.0050797265978715,-0.0050797265978684,-0.0048930585928304,-1,-1,-1
28049,"Hinds","Mississippi",0.0361451004957632,7.41052864404514,0.0361451004957614,7.41052864404513,"2020-12-01",315,7.36734775692755,0.0341512694662527,7.39457799580905,7.39657182683857,-0.0013556204414881,-0.001355620441493,-0.0011606775655514,-1,-1,-1
28049,"Hinds","Mississippi",0.0300362380101122,7.39780284465569,0.0300362380101138,7.39780284465571,"2020-12-02",316,7.40184157874383,0.030518981666943,7.40166479391034,7.40118205025351,-0.006108862485651,-0.0061088624856476,-0.0036322877993097,-1,-1,-1
28049,"Hinds","Mississippi",0.0337647532623301,7.45766720468355,0.0337647532623286,7.45766720468354,"2020-12-03",317,7.42816341490347,0.0325892855489191,7.44826346297626,7.44943893068967,0.0037285152522179,0.0037285152522148,0.0020703038819761,1,1,1
28049,"Hinds","Mississippi",0.0309424901419179,7.46885385298258,0.0309424901419195,7.46885385298259,"2020-12-04",318,7.46172249064465,0.0294273005643929,7.45673233636238,7.45824752593991,-0.0028222631204122,-0.0028222631204091,-0.0031619849845262,-1,-1,-1
28049,"Hinds","Mississippi",0.0230148241095894,7.43637501486587,0.0230148241095884,7.43637501486586,"2020-12-05",319,7.49831587076698,0.0219983803566033,7.42824346484199,7.42925990859497,-0.0079276660323285,-0.0079276660323311,-0.0074289202077896,-1,-1,-1
28049,"Hinds","Mississippi",0.0274176889392118,7.49461275761244,0.0274176889392113,7.49461275761244,"2020-12-06",320,7.53063326369552,0.0262907000868528,7.48559684679357,7.48672383564593,0.0044028648296224,0.0044028648296229,0.0042923197302495,1,1,1
28049,"Hinds","Mississippi",0.0314539002942171,7.55432013739169,0.0314539002942151,7.55432013739168,"2020-12-07",321,7.55687593122167,0.029450166007532,7.53829026309822,7.54029399738489,0.0040362113550053,0.0040362113550038,0.0031594659206792,1,1,1
28049,"Hinds","Mississippi",0.0332049215953839,7.59978220809524,0.0332049215953827,7.59978220809523,"2020-12-08",322,7.57938693750753,0.0314757596156875,7.58594891225767,7.58767807423736,0.0017510213011668,0.0017510213011676,0.0020255936081555,1,1,1
28049,"Hinds","Mississippi",0.0344938218162719,7.64329833145773,0.0344938218162749,7.64329833145775,"2020-12-09",323,7.60318556555665,0.0331498324584683,7.6325464165953,7.63389040595311,0.001288900220888,0.0012889002208922,0.0016740728427808,1,1,1
28049,"Hinds","Mississippi",0.0263218361596422,7.61241626802097,0.026321836159644,7.61241626802098,"2020-12-10",324,7.62942049846331,0.0251270533452868,7.60285800550612,7.60405278832048,-0.0081719856566297,-0.0081719856566309,-0.0080227791131815,-1,-1,-1
28049,"Hinds","Mississippi",0.0335590757411751,7.69663602083287,0.0335590757411737,7.69663602083286,"2020-12-11",325,7.65288480219563,0.0334415350116267,7.69569569499648,7.69581323572604,0.0072372395815329,0.0072372395815297,0.0083144816663399,1,1,1
28049,"Hinds","Mississippi",0.036593380122332,7.7544695316233,0.0365933801223335,7.75446953162332,"2020-12-12",326,7.68004366208085,0.0354120839957233,7.74501916261044,7.74620045873704,0.0030343043811569,0.0030343043811598,0.0019705489840966,1,1,1
28049,"Hinds","Mississippi",0.0323173929285438,7.75685501419533,0.032317392928543,7.75685501419532,"2020-12-13",327,7.70410350235877,0.0317423116272023,7.7522543637846,7.75282944508594,-0.0042759871937882,-0.0042759871937905,-0.003669772368521,-1,-1,-1
28049,"Hinds","Mississippi",0.026242667526148,7.74057460390471,0.0262426675261471,7.7405746039047,"2020-12-14",328,7.73004925384878,0.0257164342329066,7.73636473755877,7.73689097085202,-0.0060747254023958,-0.0060747254023959,-0.0060258773942957,-1,-1,-1
28049,"Hinds","Mississippi",0.0225110062858581,7.73696398150854,0.0225110062858596,7.73696398150855,"2020-12-15",329,7.75997975913434,0.0226809397047448,7.73832344885963,7.73815351544074,-0.0037316612402899,-0.0037316612402875,-0.0030354945281618,-1,-1,-1
28049,"Hinds","Mississippi",0.0237986280491194,7.76977596190049,0.0237986280491214,7.7697759619005,"2020-12-16",330,7.78975029283731,0.023476737744494,7.76720083946348,7.76752272976811,0.0012876217632613,0.0012876217632618,0.000795798039749197,1,1,1
28049,"Hinds","Mississippi",0.0262349329066625,7.81306502880995,0.0262349329066618,7.81306502880995,"2020-12-17",331,7.81802793853073,0.0262435553917754,7.81313400869085,7.81312538620574,0.0024363048575431,0.0024363048575404,0.0027668176472814,1,1,1
28049,"Hinds","Mississippi",0.0234643037323183,7.81713492832186,0.0234643037323155,7.81713492832184,"2020-12-18",332,7.84093122136149,0.0234881796427353,7.81732593560519,7.81730205969478,-0.0027706291743442,-0.0027706291743463,-0.0027553757490401,-1,-1,-1
28049,"Hinds","Mississippi",0.0271588598852205,7.87015568127739,0.0271588598852217,7.8701556812774,"2020-12-19",333,7.86156197504713,0.0274221825727984,7.87226226277802,7.87199894009044,0.0036945561529022,0.0036945561529062,0.0039340029300631,1,1,1
28049,"Hinds","Mississippi",0.024059840277919,7.8725223843042,0.0240598402779195,7.87252238430421,"2020-12-20",334,7.88651095504696,0.0234310473817171,7.86749204113459,7.86812083403079,-0.0030990196073015,-0.0030990196073022,-0.0039911351910813,-1,-1,-1
28049,"Hinds","Mississippi",0.0259457514900153,7.91166951427889,0.0259457514900125,7.91166951427887,"2020-12-21",335,7.90675768115084,0.0242425717917056,7.89804407669241,7.89974725639072,0.0018859112120963,0.001885911212093,0.000811524409988502,1,1,1
28049,"Hinds","Mississippi",0.0299305052855571,7.96949329613324,0.0299305052855594,7.96949329613326,"2020-12-22",336,7.92241643838723,0.0284400184534457,7.95756940147635,7.95905988830846,0.0039847537955418,0.0039847537955469,0.0041974466617401,1,1,1
28049,"Hinds","Mississippi",0.0297705337029725,7.99814402875812,0.0297705337029717,7.99814402875812,"2020-12-23",337,7.9342575981592,0.0293342185915522,7.99465350786676,7.99508982297817,-0.000159971582584597,-0.000159971582587699,0.0008942001381065,-1,-1,1
28049,"Hinds","Mississippi",0.028277645693415,8.01597145838463,0.0282776456934153,8.01597145838464,"2020-12-24",338,7.94180364936477,0.0284858404509813,8.01763701644516,8.0174288216876,-0.0014928880095575,-0.0014928880095564,-0.000848378140570899,-1,-1,-1
28049,"Hinds","Mississippi",0.0229032828307657,8.00125420117685,0.0229032828307654,8.00125420117685,"2020-12-25",339,7.94883933753753,0.0222717098433214,7.9962016172773,7.99683319026474,-0.0053743628626493,-0.0053743628626499,-0.0062141306076599,-1,-1,-1
28049,"Hinds","Mississippi",0.0206307536856334,8.00597725084656,0.0206307536856327,8.00597725084656,"2020-12-26",340,7.94439084167664,0.0200981053949104,8.00171606452077,8.0022487128115,-0.0022725291451323,-0.0022725291451327,-0.002173604448411,-1,-1,-1
28049,"Hinds","Mississippi",0.0249489799998283,8.06115381504575,0.0249489799998281,8.06115381504575,"2020-12-27",341,7.93118209212128,0.0246835036270258,8.05903000406334,8.05929548043614,0.0043182263141949,0.0043182263141954,0.0045853982321154,1,1,1
28049,"Hinds","Mississippi",0.0202467261038865,8.04848476387805,0.0202467261038848,8.04848476387803,"2020-12-28",342,7.92086155054416,0.0200188533179861,8.04666178159085,8.04688965437674,-0.0047022538959418,-0.0047022538959433,-0.0046646503090397,-1,-1,-1
28049,"Hinds","Mississippi",0.0156587572363835,8.03202773904191,0.0156587572363849,8.03202773904192,"2020-12-29",343,7.91158581962982,0.0165916117869642,8.03949057544656,8.03855772089598,-0.004587968867503,-0.0045879688674999,-0.0034272415310219,-1,-1,-1
28049,"Hinds","Mississippi",0.0118411597719689,8.01714571656298,0.0118411597719712,8.01714571656299,"2020-12-30",344,7.9056523306159,0.0130084783897305,8.02648426550507,8.02531694688731,-0.0038175974644146,-0.0038175974644137,-0.0035831333972337,-1,-1,-1
28049,"Hinds","Mississippi",0.00754605120557862,7.99462600780382,0.00754605120557716,7.99462600780381,"2020-12-31",345,7.90206469355055,0.0104452945129451,8.01781995426276,8.01492071095539,-0.00429510856639028,-0.00429510856639404,-0.0025631838767854,-1,-1,-1
28049,"Hinds","Mississippi",0.00703568817275761,7.99808915474683,0.00703568817275446,7.99808915474681,"2021-01-01",346,7.898251937396,0.00869685169732636,8.01137846294338,8.00971729941882,-0.00051036303282101,-0.0005103630328227,-0.00174844281561874,-1,-1,-1
28049,"Hinds","Mississippi",-0.0044484958608901,7.91325137065041,0,7.94439084167664,"2021-01-02",347,7.89872932767161,-0.00447773959898905,7.91301742074562,7.91304666448372,-0.0114841840336477,-0.00703568817275446,-0.0131745912963154,-1,-1,-1
28049,"Hinds","Mississippi",-0.0132087495553556,7.8387208452338,0,7.93118209212128,"2021-01-03",348,7.89564880685865,-0.0116601737633536,7.85110945156981,7.84956087577781,-0.0087602536944655,0,-0.00718243416436455,-1,0,-1
28049,"Hinds","Mississippi",-0.0103205415771275,7.84861775950426,0,7.92086155054416,"2021-01-04",349,7.89127733172358,-0.00848204294222333,7.86332574858349,7.8614872499486,0.0028882079782281,0,0.00317813082113027,1,0,1
28049,"Hinds","Mississippi",-0.0092757309143355,7.84665570322947,0,7.91158581962982,"2021-01-05",350,7.88387704055086,-0.00822323933279622,7.85507563588179,7.85402314430025,0.001044810662792,0,0.00025880360942711,1,0,1
28049,"Hinds","Mississippi",-0.00593348901392977,7.86411790751839,0,7.9056523306159,"2021-01-06",351,7.87425014089106,-0.00626926838600394,7.86143167254179,7.86176745191387,0.00334224190040573,0,0.00195397094679228,1,0,1
28049,"Hinds","Mississippi",-0.00358763706534227,7.87695123409316,0,7.90206469355055,"2021-01-07",352,7.86732441450325,-0.00462518181682232,7.86865087608132,7.86968842083279,0.0023458519485875,0,0.00164408656918162,1,0,1
28049,"Hinds","Mississippi",-0.00381275615455381,7.87156264431412,0,7.898251937396,"2021-01-08",353,7.86150693473008,-0.004292689209813,7.86772317987205,7.86820311292731,-0.00022511908921154,0,0.00033249260700932,-1,0,1
28049,"Hinds","Mississippi",0.000477390275607263,7.90207105960086,0.000477390275608336,7.90207105960087,"2021-01-09",354,7.86012994131485,0.00372631742422576,7.92806247678981,7.92481354964119,0.00429014643016107,0.000477390275608336,0.00801900663403876,1,1,1
28049,"Hinds","Mississippi",-0.00308052081295826,7.87408516116794,0,7.89564880685865,"2021-01-10",355,7.86863689418417,-0.00361384142648256,7.86981859625975,7.87035191687327,-0.00355791108856552,-0.000477390275608336,-0.00734015885070832,-1,-1,-1
28049,"Hinds","Mississippi",-0.00437147513506609,7.86067700577812,0,7.89127733172358,"2021-01-11",356,7.8737609173877,-0.00422396440314637,7.86185709163348,7.86170958090156,-0.00129095432210783,0,-0.00061012297666381,-1,0,-1
28049,"Hinds","Mississippi",-0.00740029117272336,7.83207500234179,0,7.88387704055086,"2021-01-12",357,7.88112823131741,-0.00653783512991962,7.83897465068422,7.83811219464142,-0.00302881603765727,0,-0.00231387072677325,-1,0,-1
28049,"Hinds","Mississippi",-0.00962689965979834,7.80686184327247,0,7.87425014089106,"2021-01-13",358,7.88134409748123,-0.00894480640795879,7.81231858928719,7.81163649603535,-0.00222660848707498,0,-0.00240697127803917,-1,0,-1
28049,"Hinds","Mississippi",-0.00692572638780795,7.8188443297886,0,7.86732441450325,"2021-01-14",359,7.87858830723044,-0.00572777965520009,7.82842790364946,7.82722995691685,0.00270117327199039,0,0.0032170267527587,1,0,1
28049,"Hinds","Mississippi",-0.00581747977317525,7.82078457631785,0,7.86150693473008,"2021-01-15",360,7.87842596517538,-0.00558990381567617,7.82260518397784,7.82237760802035,0.0011082466146327,0,0.00013787583952392,1,0,1
28049,"Hinds","Mississippi",-0.00137699341523005,7.85049098740824,0,7.86012994131485,"2021-01-16",361,7.88242272988005,-0.00346393156312864,7.83379548222505,7.83588242037295,0.0044404863579452,0,0.00212597225254753,1,0,1
28049,"Hinds","Mississippi",0.00850695286931803,7.92818556426939,0.00850695286931824,7.92818556426939,"2021-01-17",362,7.88785212098925,0.00901600303675304,7.93225796560887,7.93174891544144,0.00988394628454808,0.00850695286931824,0.0124799345998817,1,1,1
28049,"Hinds","Mississippi",0.00512402320353966,7.90962907981248,0.00512402320353633,7.90962907981246,"2021-01-18",363,7.89803969076462,0.00654709625432208,7.92101366421875,7.91959059116795,-0.00338292966577837,-0.00338292966578191,-0.00246890678243096,-1,-1,-1
28049,"Hinds","Mississippi",0.00736731392970211,7.93269942882532,0.00736731392970391,7.93269942882533,"2021-01-19",364,7.9041766267537,0.00802488833689057,7.93796002408282,7.93730244967564,0.00224329072616245,0.00224329072616758,0.00147779208256849,1,1,1
28049,"Hinds","Mississippi",0.000215866163818804,7.88285516062796,0.000215866163817857,7.88285516062795,"2021-01-20",365,7.91169052070834,0.00386000895333205,7.91200830294407,7.90836416015455,-0.00715144776588331,-0.00715144776588605,-0.00416487938355852,-1,-1,-1
28049,"Hinds","Mississippi",-0.00275579025078074,7.85929777547498,0,7.87858830723044,"2021-01-21",366,7.91805664531853,-0.00397016550514535,7.84958277344007,7.85079714869442,-0.00297165641459954,-0.000215866163817857,-0.0078301744584774,-1,-1,-1
28049,"Hinds","Mississippi",-0.000162342055064212,7.87728957078993,0,7.87842596517538,"2021-01-22",367,7.92252001166541,-0.00198750042172309,7.86268830385665,7.86451346222332,0.00259344819571653,0,0.00198266508342226,1,0,1
28049,"Hinds","Mississippi",0.00399676470467084,7.91040008281275,0.00399676470467369,7.91040008281277,"2021-01-23",368,7.91935619066062,0.00505968321749421,7.91890343091533,7.91784051240251,0.00415910675973505,0.00399676470467369,0.0070471836392173,1,1,1
28049,"Hinds","Mississippi",0.00542939110919971,7.92585785875365,0.00542939110919871,7.92585785875364,"2021-01-24",369,7.9112716506043,0.00609202923998679,7.93115896379994,7.93049632566916,0.00143262640452887,0.00143262640452502,0.00103234602249258,1,1,1
28049,"Hinds","Mississippi",0.0101875697753676,7.96935267919219,0.0101875697753675,7.96935267919219,"2021-01-25",370,7.90322680873073,0.00938940182865139,7.96296733561846,7.96376550356518,0.00475817866616789,0.00475817866616879,0.0032973725886646,1,1,1
28049,"Hinds","Mississippi",0.00613693598908298,7.94713517867728,0.00613693598908149,7.94713517867727,"2021-01-26",371,7.89612744116459,0.00652534723133451,7.9502424686153,7.94985405737304,-0.00405063378628462,-0.00405063378628601,-0.00286405459731688,-1,-1,-1
28049,"Hinds","Mississippi",0.00751389395463978,7.96428777839082,0.00751389395463864,7.96428777839081,"2021-01-27",372,7.89586156150016,0.00771623470604379,7.96590650440205,7.96570416365065,0.0013769579655568,0.00137695796555715,0.00119088747470928,1,1,1
28049,"Hinds","Mississippi",0.00636612461019225,7.96261951758988,0.00636612461019226,7.96261951758988,"2021-01-28",373,7.89143760097627,0.00654179948964594,7.96402491662551,7.96384924174605,-0.00114776934444753,-0.00114776934444638,-0.00117443521639785,-1,-1,-1
28049,"Hinds","Mississippi",0.00446336634688285,7.95376357609359,0.00446336634688294,7.95376357609359,"2021-01-29",374,7.88199141652422,0.00567243478998622,7.96343612363842,7.96222705519531,-0.0019027582633094,-0.00190275826330932,-0.00086936469965972,-1,-1,-1
28049,"Hinds","Mississippi",-0.0031638210047957,7.89720944362705,0,7.91935619066062,"2021-01-30",375,7.87289059531362,-0.00463956949030694,7.88540345574295,7.88687920422847,-0.00762718735167855,-0.00446336634688294,-0.0103120042802932,-1,-1,-1
28049,"Hinds","Mississippi",-0.00808454005631642,7.85467987021009,0,7.9112716506043,"2021-01-31",376,7.85902697975154,-0.00840312629033474,7.85213118033794,7.85244976657196,-0.00492071905152072,0,-0.0037635568000278,-1,0,-1
28049,"Hinds","Mississippi",-0.00804484187357021,7.84691291561574,0,7.90322680873073,"2021-02-01",377,7.83591811485348,-0.00932124173861815,7.83670171669536,7.8379781165604,3.969818274621e-05,0,-0.000918115448283411,1,0,-1
28049,"Hinds","Mississippi",-0.00709936756613893,7.84643186820162,0,7.89612744116459,"2021-02-02",378,7.8108739242886,-0.0083346667041612,7.83654947509744,7.83778477423546,0.00094547430743128,0,0.000986575034456949,1,0,1
28049,"Hinds","Mississippi",-0.000265879664426761,7.89400040384917,0,7.89586156150016,"2021-02-03",379,7.77934746459012,-0.00506540699078833,7.85560418523828,7.86040371256464,0.00683348790171217,0,0.00326925971337287,1,0,1
28049,"Hinds","Mississippi",-0.0044239605238925,7.86046987730902,0,7.89143760097627,"2021-02-04",380,7.75417520307562,-0.00728174936634972,7.83760756656936,7.84046535541182,-0.00415808085946574,0,-0.00221634237556139,-1,0,-1
28049,"Hinds","Mississippi",-0.00944618445205131,7.81586812535986,0,7.88199141652422,"2021-02-05",381,7.72960973480112,-0.0101730078824697,7.81005353791651,7.81078036134693,-0.00502222392815881,0,-0.00289125851611998,-1,0,-1
28049,"Hinds","Mississippi",-0.00910082121060035,7.80918484683942,0,7.87289059531362,"2021-02-06",382,7.70061850367188,-0.0101333865386132,7.80092432421531,7.80195688954333,0.000345363241450959,0,3.96213438564989e-05,1,0,1
28049,"Hinds","Mississippi",-0.0138636155620813,7.76198167081697,0,7.85902697975154,"2021-02-07",383,7.67116119615027,-0.0138535459149867,7.76206222799373,7.76205215834663,-0.00476279435148095,0,-0.0037201593763735,-1,0,-1
28049,"Hinds","Mississippi",-0.0231088648980565,7.67415606056709,0,7.83591811485348,"2021-02-08",384,7.6460123905657,-0.022137783798559,7.68192470936307,7.68095362826357,-0.0092452493359752,0,-0.0082842378835723,-1,0,-1
28049,"Hinds","Mississippi",-0.0250441905648767,7.63556459033447,0,7.8108739242886,"2021-02-09",385,7.62224451755303,-0.0223934813416174,7.65677026412054,7.65411955489728,-0.0019353256668202,0,-0.0002556975430584,-1,0,-1
28049,"Hinds","Mississippi",-0.0315264596984929,7.55866224670067,0,7.77934746459012,"2021-02-10",386,7.59897202602514,-0.0301111978422568,7.56998434155055,7.56856907969432,-0.0064822691336162,0,-0.0077177165006394,-1,0,-1
28049,"Hinds","Mississippi",-0.0251722615144897,7.57796937247419,0,7.75417520307562,"2021-02-11",387,7.57397162972554,-0.0249385104917793,7.57983938065589,7.57960562963317,0.0063541981840032,0,0.0051726873504775,1,0,1
28049,"Hinds","Mississippi",-0.0245654682745043,7.55765145687958,0,7.72960973480112,"2021-02-12",388,7.54780302378455,-0.0236191715341177,7.56522183080268,7.5642755340623,0.000606793239985397,0,0.0013193389576616,1,0,1
28049,"Hinds","Mississippi",-0.0289912311292357,7.49767988576723,0,7.70061850367188,"2021-02-13",389,7.51744320783736,-0.0278710427346375,7.50664139292402,7.50552120452942,-0.0044257628547314,0,-0.0042518712005198,-1,0,-1
28049,"Hinds","Mississippi",-0.0294573075216036,7.46496004349904,0,7.67116119615027,"2021-02-14",390,7.49212340893365,-0.0288753151754691,7.46961598226813,7.46903398992199,-0.000466076392367898,0,-0.0010042724408316,-1,0,-1
28049,"Hinds","Mississippi",-0.025148805584572,7.4699707514737,0,7.6460123905657,"2021-02-15",391,7.46843172870671,-0.025415747658627,7.46783521488125,7.46810215695531,0.0043085019370316,0,0.0034595675168421,1,0,1
28049,"Hinds","Mississippi",-0.023767873012672,7.45586940646433,0,7.62224451755303,"2021-02-16",392,7.44249272279444,-0.0240134411763001,7.4539048611553,7.45415042931893,0.0013809325719,0,0.0014023064823269,1,0,1
28049,"Hinds","Mississippi",-0.0232724915278958,7.43606458532986,0,7.59897202602514,"2021-02-17",393,7.41051992879276,-0.0236177144863751,7.43330280166203,7.43364802462051,0.000495381484776201,0,0.000395726689924998,1,0,1
28049,"Hinds","Mississippi",-0.0250003962995917,7.3989688556284,0,7.57397162972554,"2021-02-18",394,7.36182912890801,-0.025125937717544,7.39796452428479,7.39809006570273,-0.0017279047716959,0,-0.0015082232311689,-1,0,-1
28049,"Hinds","Mississippi",-0.0261686059409928,7.3646227821976,0,7.54780302378455,"2021-02-19",395,7.30930798169896,-0.0259653250103055,7.3662490296431,7.36604574871241,-0.0011682096414011,0,-0.0008393872927615,-1,0,-1
28049,"Hinds","Mississippi",-0.0303598159471946,7.30492449620699,0,7.51744320783736,"2021-02-20",396,7.25367256626791,-0.029286845943874,7.31350825623356,7.31243528623024,-0.0041912100062018,0,-0.0033215209335685,-1,0,-1
28049,"Hinds","Mississippi",-0.0253197989037089,7.31488481660769,0,7.49212340893365,"2021-02-21",397,7.18905991589609,-0.0256275581661497,7.31242274250816,7.3127305017706,0.0050400170434857,0,0.0036592877777243,1,0,1
28049,"Hinds","Mississippi",-0.0236916802269382,7.30258996711814,0,7.46843172870671,"2021-02-22",398,7.119982318555,-0.0244059025306425,7.29687618868851,7.29759041099221,0.0016281186767707,0,0.0012216556355072,1,0,1
28049,"Hinds","Mississippi",-0.0259390059122737,7.26091968140852,0,7.44249272279444,"2021-02-23",399,7.04664727784876,-0.0260755896474003,7.25982701152751,7.25996359526264,-0.0022473256853355,0,-0.0016696871167578,-1,0,-1
28049,"Hinds","Mississippi",-0.0319727940016756,7.18671037078103,0,7.41051992879276,"2021-02-24",400,6.97688147491432,-0.030931787837944,7.19503842009089,7.19399741392715,-0.0060337880894019,0,-0.0048561981905437,-1,0,-1
28049,"Hinds","Mississippi",-0.0486907998847597,7.02099352971469,0,7.36182912890801,"2021-02-25",401,6.92250313561669,-0.0450213421023822,7.0503491919737,7.04667973419133,-0.0167180058830841,0,-0.0140895542644382,-1,0,-1
28049,"Hinds","Mississippi",-0.0525211472090409,6.94165995123567,0,7.30930798169896,"2021-02-26",402,6.8728680199817,-0.0484322576298755,6.97437106786901,6.97028217828983,-0.0038303473242812,0,-0.0034109155274933,-1,0,-1
28049,"Hinds","Mississippi",-0.0556354154310458,6.86422465825059,0,7.25367256626791,"2021-02-27",403,6.83349344883904,-0.0519280941723419,6.89388322832022,6.89017590706152,-0.0031142682220049,0,-0.0034958365424664,-1,0,-1
28049,"Hinds","Mississippi",-0.0646126503718217,6.73677136329334,0,7.18905991589609,"2021-02-28",404,6.80493122632022,-0.0552518048173489,6.81165812772912,6.80229728217465,-0.00897723494077591,0,-0.003323710645007,-1,0,-1
28049,"Hinds","Mississippi",-0.0690775973411008,6.63643913716729,0,7.119982318555,"2021-03-01",405,6.7719355558396,-0.0614461856002036,6.69749043109446,6.68985901935358,-0.0044649469692791,0,-0.0061943807828547,-1,0,-1
28049,"Hinds","Mississippi",-0.0733350407062395,6.53330199290508,0,7.04664727784876,"2021-03-02",406,6.73933662735717,-0.0643918045834469,6.60484788188742,6.59590464576463,-0.0042574433651387,0,-0.0029456189832433,-1,0,-1
28049,"Hinds","Mississippi",-0.0697658029344384,6.48852085437326,0,6.97688147491432,"2021-03-03",407,6.7016093040365,-0.0649204696997379,6.52728352025086,6.52243818701615,0.0035692377718011,0,-0.000528665116291002,1,0,-1
28049,"Hinds","Mississippi",-0.0543783392976245,6.54185476053332,0,6.92250313561669,"2021-03-04",408,6.65929391968364,-0.0512040184314558,6.56724932746267,6.5640750065965,0.0153874636368139,0,0.0137164512682821,1,0,1
28049,"Hinds","Mississippi",-0.0496351156349966,6.52542221053672,0,6.8728680199817,"2021-03-05",409,6.61835744974685,-0.0486826156539004,6.53304221038549,6.5320897104044,0.0047432236626279,0,0.0025214027775554,1,0,1
28049,"Hinds","Mississippi",-0.0393745711426566,6.55787145084044,0,6.83349344883904,"2021-03-06",410,6.57547424697939,-0.0384839024851671,6.56499680010036,6.56410613144287,0.01026054449234,0,0.0101987131687333,1,0,1
28049,"Hinds","Mississippi",-0.0285622225188196,6.60499566868848,0,6.80493122632022,"2021-03-07",411,6.53087762772588,-0.0288948016048536,6.60233503600021,6.60266761508624,0.010812348623837,0,0.0095891008803135,1,0,1
28049,"Hinds","Mississippi",-0.0329956704806136,6.54096586247531,0,6.7719355558396,"2021-03-08",412,6.48223322552741,-0.0316027516055962,6.55210921347545,6.55071629460043,-0.004433447961794,0,-0.0027079500007426,-1,0,-1
28049,"Hinds","Mississippi",-0.032598928482431,6.51114412798016,0,6.73933662735717,"2021-03-09",413,6.43362887706213,-0.032141697957494,6.51480197217965,6.51434474165471,0.000396741998182605,0,-0.000538946351897801,1,0,-1
28049,"Hinds","Mississippi",-0.0377273233206727,6.43751804079179,0,6.7016093040365,"2021-03-10",414,6.38591685538074,-0.0366528550890827,6.44611378664451,6.44503931841292,-0.0051283948382417,0,-0.0045111571315887,-1,0,-1
28049,"Hinds","Mississippi",-0.0423153843528653,6.36308622921358,0,6.65929391968364,"2021-03-11",415,6.36524239894638,-0.0408407025044641,6.37488368400079,6.37340900215239,-0.0045880610321926,0,-0.0041878474153814,-1,0,-1
28049,"Hinds","Mississippi",-0.0409364699367884,6.33180216018934,0,6.61835744974685,"2021-03-12",416,6.35932668043728,-0.0394358929796258,6.34380677584663,6.34230619888947,0.0013789144160769,0,0.0014048095248383,1,0,1
28049,"Hinds","Mississippi",-0.0428832027674551,6.27529182760721,0,6.57547424697939,"2021-03-13",417,6.38687931936265,-0.0419216698055971,6.28298409130207,6.28202255834021,-0.0019467328306667,0,-0.0024857768259713,-1,0,-1
28049,"Hinds","Mississippi",-0.0445966192535079,6.21870129295133,0,6.53087762772588,"2021-03-14",418,6.42347884759253,-0.0430424115850698,6.23113495429883,6.22958074663039,-0.0017134164860528,0,-0.0011207417794727,-1,0,-1
28049,"Hinds","Mississippi",-0.0486444021984673,6.14172241013814,0,6.48223322552741,"2021-03-15",419,6.47609285535717,-0.0441439062404909,6.17772637780195,6.17322588184397,-0.0040477829449594,0,-0.0011014946554211,-1,0,-1
28049,"Hinds","Mississippi",-0.0486043484652793,6.09339843780517,0,6.43362887706213,"2021-03-16",420,6.54041137869384,-0.0457828607333139,6.1159703396609,6.11314885192893,4.00537331880016e-05,0,-0.001638954492823,1,0,-1
28049,"Hinds","Mississippi",-0.0477120216813892,6.05193270361102,0,6.38591685538074,"2021-03-17",421,6.59909274300019,-0.0444149311759913,6.0783094276542,6.0750123371488,0.000892326783890098,0,0.00136792955732259,1,0,1
28049,"Hinds","Mississippi",-0.0206744564343648,6.22052120390582,0,6.36524239894638,"2021-03-18",422,6.63200177739563,-0.0232918754900693,6.19958185146019,6.2021992705159,0.0270375652470244,0,0.021123055685922,1,0,1
28049,"Hinds","Mississippi",-0.00591571850909807,6.31791665087359,0,6.35932668043728,"2021-03-19",423,6.65323162500809,-0.0130788643789012,6.26061148391517,6.26777462978497,0.0147587379252667,0,0.0102130111111681,1,0,1
28049,"Hinds","Mississippi",0.0275526389253653,6.5797477918402,0.027552638925366,6.57974779184021,"2021-03-20",424,6.65544035036765,0.020764460071922,6.52544236101266,6.5322305398661,0.0334683574344634,0.027552638925366,0.0338433244508232,1,1,1
28049,"Hinds","Mississippi",0.0365995282298871,6.67967554520174,0.0365995282298845,6.67967554520172,"2021-03-21",425,6.65027904858742,0.0241672870448514,6.58021761572146,6.59264985690649,0.0090468893045218,0.0090468893045185,0.0034028269729294,1,1,1
28049,"Hinds","Mississippi",0.0526140077646488,6.84439090970972,0.0526140077646451,6.84439090970969,"2021-03-22",426,6.63763242290246,0.0322527415997889,6.68150078039084,6.70186204655569,0.0160144795347617,0.0160144795347606,0.0080854545549375,1,1,1
28049,"Hinds","Mississippi",0.0643185233366519,6.9906410420504,0.064318523336663,6.99064104205048,"2021-03-23",427,6.62254633629847,0.0404716464281274,6.79986602678219,6.82371290369073,0.0117045155720031,0.0117045155720179,0.0082189048283385,1,1,1
28049,"Hinds","Mississippi",0.0586813643063513,7.00986229314465,0.0586813643063531,7.00986229314466,"2021-03-24",428,6.60992666595313,0.0472349245649331,6.9182907752133,6.92973721495472,-0.00563715903030061,-0.0056371590303099,0.0067632781368057,-1,-1,1
28049,"Hinds","Mississippi",0.0329090343954376,6.86236501816369,0.0329090343954395,6.86236501816371,"2021-03-25",429,6.60181224739575,0.0267156584957628,6.81281801096629,6.81901138686597,-0.0257723299109137,-0.0257723299109136,-0.0205192660691703,-1,-1,-1
28049,"Hinds","Mississippi",0.0212298476124597,6.80184055829531,0.0212298476124611,6.80184055829532,"2021-03-26",430,6.59460886766442,0.0182084331586035,6.77766924266446,6.78069065711831,-0.0116791867829779,-0.0116791867829784,-0.0085072253371593,-1,-1,-1
28049,"Hinds","Mississippi",0.00220872535955518,6.67090142788453,0.00220872535955596,6.67090142788454,"2021-03-27",431,6.58479139238572,0.006070743730992,6.70179757485603,6.69793555648459,-0.0190211222529045,-0.0190211222529051,-0.0121376894276115,-1,-1,-1
28049,"Hinds","Mississippi",-0.00516130178022658,6.61414993612584,0,6.65027904858742,"2021-03-28",432,6.57766264932496,-0.00871011188966527,6.58575945525033,6.58930826535976,-0.00737002713978176,-0.00220872535955596,-0.0147808556206573,-1,-1,-1
28049,"Hinds","Mississippi",-0.0126466256849611,6.54910604310773,0,6.63763242290246,"2021-03-29",433,6.57527506363046,-0.0149433308262264,6.53073240197761,6.53302910711887,-0.00748532390473452,0,-0.00623321893656113,-1,0,-1
28049,"Hinds","Mississippi",-0.0150860866039944,6.51694373007051,0,6.62254633629847,"2021-03-30",434,6.56627050053738,-0.0163196660904577,6.5070750941788,6.50830867366527,-0.0024394609190333,0,-0.0013763352642313,-1,0,-1
28049,"Hinds","Mississippi",-0.012619670345341,6.52158897353574,0,6.60992666595313,"2021-03-31",435,6.55657541348865,-0.0142617088443082,6.508452665544,6.51009470404297,0.0024664162586534,0,0.0020579572461495,1,0,1
28049,"Hinds","Mississippi",-0.00811441855738131,6.54501131749408,0,6.60181224739575,"2021-04-01",436,6.54514438475123,-0.0131893799199214,6.50441162659376,6.5094865879563,0.00450525178795969,0,0.0010723289243868,1,0,1
28049,"Hinds","Mississippi",-0.00720337973132834,6.54418520954512,0,6.59460886766442,"2021-04-02",437,6.52146234737697,-0.0119221094019157,6.50643537218042,6.51115410185101,0.000911038826052969,0,0.0012672705180057,1,0,1
28049,"Hinds","Mississippi",-0.00981747527870359,6.51606906543479,0,6.58479139238572,"2021-04-03",438,6.49785176427504,-0.0136847076462373,6.48513120649452,6.48899843886206,-0.00261409554737525,0,-0.0017625982443216,-1,0,-1
28049,"Hinds","Mississippi",-0.00712874306075544,6.52776144789968,0,6.57766264932496,"2021-04-04",439,6.45676965557216,-0.0119436413897417,6.48924226126779,6.49405715959677,0.00268873221794815,0,0.0017410662564956,1,0,1
28049,"Hinds","Mississippi",-0.00238758569450158,6.55856196376895,0,6.57527506363046,"2021-04-05",440,6.41040981677284,-0.00877131453038367,6.50749213308189,6.51387586191778,0.00474115736625386,0,0.00317232685935803,1,0,1
28049,"Hinds","Mississippi",-0.009004563093083,6.5032385588858,0,6.56627050053738,"2021-04-06",441,6.36105571631326,-0.0119044386806982,6.48003955418487,6.48293942977249,-0.00661697739858142,0,-0.00313312415031453,-1,0,-1
28049,"Hinds","Mississippi",-0.00969508704872917,6.48870980414755,0,6.55657541348865,"2021-04-07",442,6.29816112124047,-0.0115604687141097,6.4737867508245,6.47565213248988,-0.00069052395564617,0,0.000343969966588501,-1,0,1
28049,"Hinds","Mississippi",-0.0114310287374173,6.46512718358931,0,6.54514438475123,"2021-04-08",443,6.23944007412337,-0.0119230069754121,6.46119135768535,6.46168333592334,-0.00173594168868813,0,-0.000362538261302401,-1,0,-1
28049,"Hinds","Mississippi",-0.0236820373742616,6.35568808575714,0,6.52146234737697,"2021-04-09",444,6.19789782771617,-0.0236632978018364,6.35583800233654,6.35581926276412,-0.0122510086368443,0,-0.0117402908264243,-1,0,-1
28049,"Hinds","Mississippi",-0.0236105831019305,6.33257768256153,0,6.49785176427504,"2021-04-10",445,6.1512117818634,-0.0225813266298081,6.34081173433851,6.33978247786638,7.14542723311007e-05,0,0.0010819711720283,1,0,1
28049,"Hinds","Mississippi",-0.0410821087028766,6.16919489465203,0,6.45676965557216,"2021-04-11",446,6.1249959397325,-0.037771261209825,6.19568167459644,6.19237082710338,-0.0174715256009461,0,-0.0151899345800169,-1,0,-1
28049,"Hinds","Mississippi",-0.0463598387993218,6.08589094517759,0,6.41040981677284,"2021-04-12",447,6.10415527386065,-0.0409699243827036,6.12901026051053,6.12362034609392,-0.00527773009644519,0,-0.0031986631728786,-1,0,-1
28049,"Hinds","Mississippi",-0.0493541004595828,6.01557701309618,0,6.36105571631326,"2021-04-13",448,6.08677472691231,-0.0432047146403737,6.06477209964985,6.05862271383064,-0.002994261660261,0,-0.00223479025767009,-1,0,-1
28049,"Hinds","Mississippi",-0.0628945950727806,5.85789895573101,0,6.29816112124047,"2021-04-14",449,6.06743303233136,-0.0527049382331552,5.93941621044802,5.92922655360838,-0.0135404946131978,0,-0.00950022359278151,-1,0,-1
28049,"Hinds","Mississippi",-0.0587210471171105,5.8283927443036,0,6.23944007412337,"2021-04-15",450,6.04466673268861,-0.051981243552488,5.88231117282057,5.87557136925595,0.0041735479556701,0,0.0007236946806672,1,0,1
28049,"Hinds","Mississippi",-0.041542246407199,5.90710210286578,0,6.19789782771617,"2021-04-16",451,6.01441348009353,-0.0400462514286343,5.91907006269429,5.91757406771573,0.0171788007099115,0,0.0119349921238537,1,0,1
28049,"Hinds","Mississippi",-0.0466860458527797,5.82440946089394,0,6.1512117818634,"2021-04-17",452,5.99039254414665,-0.0416770684250234,5.86448128031598,5.85947230288824,-0.0051437994455807,0,-0.0016308169963891,-1,0,-1
28049,"Hinds","Mississippi",-0.0262158421308901,5.94148504481627,0,6.1249959397325,"2021-04-18",453,5.97053271106695,-0.0257304148759022,5.94536846285618,5.94488303560118,0.0204702037218896,0,0.0159466535491212,1,0,1
28049,"Hinds","Mississippi",-0.0208406658718526,5.95827061275769,0,6.10415527386065,"2021-04-19",454,5.94354900034921,-0.0233355241644338,5.93831174641703,5.94080660470961,0.0053751762590375,0,0.0023948907114684,1,0,1
28049,"Hinds","Mississippi",-0.0173805469483445,5.9651108982739,0,6.08677472691231,"2021-04-20",455,5.91543164654468,-0.0185889196349524,5.95544391678103,5.95665228946764,0.0034601189235081,0,0.0047466045294814,1,0,1
28049,"Hinds","Mississippi",-0.0193416945809488,5.93204117026472,0,6.06743303233136,"2021-04-21",456,5.90808293816893,-0.0212710130302726,5.91660662267013,5.91853594111945,-0.0019611476326043,0,-0.0026820933953202,-1,0,-1
28049,"Hinds","Mississippi",-0.0227662996427486,5.88530263518937,0,6.04466673268861,"2021-04-22",457,5.90302357730876,-0.0226815421773287,5.88598069491273,5.88589593744731,-0.0034246050617998,0,-0.0014105291470561,-1,0,-1
28049,"Hinds","Mississippi",-0.0302532525950898,5.8026407119279,0,6.01441348009353,"2021-04-23",458,5.90497251575454,-0.0250716041942084,5.84409389913494,5.83891225073407,-0.0074869529523412,0,-0.0023900620168797,-1,0,-1
28049,"Hinds","Mississippi",-0.0240209359468775,5.82224599251851,0,5.99039254414665,"2021-04-24",459,5.89911426818617,-0.0218684200575091,5.83946611963346,5.83731360374409,0.0062323166482123,0,0.0032031841366993,1,0,1
28049,"Hinds","Mississippi",-0.019859833079704,5.83151387950902,0,5.97053271106695,"2021-04-25",460,5.88292437853278,-0.0178711925731284,5.84742300356162,5.84543436305505,0.0041611028671735,0,0.0039972274843807,1,0,1
28049,"Hinds","Mississippi",-0.0269837107177339,5.75466302532507,0,5.94354900034921,"2021-04-26",461,5.8975462553208,-0.0252432445421739,5.76858675472956,5.76684628855399,-0.0071238776380299,0,-0.0073720519690455,-1,0,-1
28049,"Hinds","Mississippi",-0.0281173538045376,5.71861016991291,0,5.91543164654468,"2021-04-27",462,5.91040942235128,-0.0232806008188875,5.75730419379811,5.75246744081247,-0.0011336430868037,0,0.0019626437232864,-1,0,1
28049,"Hinds","Mississippi",-0.00734870837574449,5.85664197953872,0,5.90808293816893,"2021-04-28",463,5.91735657495426,-0.0091522507250367,5.84221364074439,5.84401718309367,0.0207686454287931,0,0.0141283500938508,1,0,1
28049,"Hinds","Mississippi",-0.00505936086017314,5.86760805128755,0,5.90302357730876,"2021-04-29",464,5.92042877399123,-0.0083597334838618,5.84120507029804,5.84450544292173,0.00228934751557135,0,0.000792517241174899,1,0,1
28049,"Hinds","Mississippi",0.00194893844577859,5.91861508487499,0.00194893844578115,5.91861508487501,"2021-04-30",465,5.92196134134101,0.00589064352790229,5.95014872553198,5.94620702044986,0.00700829930595173,0.00194893844578115,0.0142503770117641,1,1,1
28049,"Hinds","Mississippi",-0.0058582475683654,5.85810653520761,0,5.89911426818617,"2021-05-01",466,5.92616383081156,-0.00827697080719404,5.83875674929699,5.84117547253581,-0.00780718601414399,-0.00194893844578115,-0.0141676143350963,-1,-1,-1
28049,"Hinds","Mississippi",-0.0161898896533931,5.76959515095902,0,5.88292437853278,"2021-05-02",467,5.93300276324182,-0.0162862293438672,5.76882443343523,5.76892077312571,-0.0103316420850277,0,-0.00800925853667316,-1,0,-1
28049,"Hinds","Mississippi",0.0146218767880231,5.99989939283696,0.0146218767880253,5.99989939283698,"2021-05-03",468,5.92578251526833,0.0134079077099731,5.99018764021257,5.99140160929061,0.0308117664414162,0.0146218767880253,0.0296941370538403,1,1,1
28049,"Hinds","Mississippi",0.0128631670304722,6.00045159156458,0.0128631670304733,6.00045159156459,"2021-05-04",469,5.91658704817523,0.0123953665415685,5.99670918765335,5.99717698814226,-0.0017587097575509,-0.001758709757552,-0.0010125411684046,-1,-1,-1
28049,"Hinds","Mississippi",0.00694715260298354,5.96598664317514,0.00694715260298384,5.96598664317515,"2021-05-05",470,5.9018523884183,0.00795149739497214,5.97402140151106,5.97301705671907,-0.00591601442748866,-0.00591601442748946,-0.00444386914659636,-1,-1,-1
28049,"Hinds","Mississippi",0.00307219903697195,5.94193416725003,0.0030721990369722,5.94193416725004,"2021-05-06",471,5.8857071272973,0.0055087512240187,5.96142658474641,5.95899003255936,-0.00387495356601159,-0.00387495356601164,-0.00244274617095344,-1,-1,-1
28049,"Hinds","Mississippi",0.00153256734977655,5.93268931278944,0.00153256734977703,5.93268931278945,"2021-05-07",472,5.86848948474917,0.00415323772615965,5.95365467580051,5.95103400542413,-0.0015396316871954,-0.00153963168719517,-0.00135551349785905,-1,-1,-1
28049,"Hinds","Mississippi",0.00420248947055427,5.95558125710544,0.00420248947055235,5.95558125710543,"2021-05-08",473,5.8562991671918,0.00619887725319054,5.97155235936653,5.96955597158389,0.00266992212077772,0.00266992212077532,0.00204563952703089,1,1,1
28049,"Hinds","Mississippi",0.00683893243025717,5.98087529025362,0.00683893243025757,5.98087529025362,"2021-05-09",474,5.84726419813389,0.00767260807971354,5.98754469544927,5.98671101979981,0.0026364429597029,0.00263644295970522,0.001473730826523,1,1,1
28049,"Hinds","Mississippi",-0.00722024797348812,5.87524077945392,0,5.92578251526833,"2021-05-10",475,5.8352283607897,-0.00867234330979125,5.86362401676349,5.86507611209979,-0.0140591804037453,-0.00683893243025757,-0.0163449513895048,-1,-1,-1
28049,"Hinds","Mississippi",-0.00919546709310051,5.85221877852353,0,5.91658704817523,"2021-05-11",476,5.8264214261143,-0.00969030538821214,5.84826007216263,5.84875491045775,-0.00197521911961239,0,-0.00101796207842089,-1,0,-1
28049,"Hinds","Mississippi",-0.014734659756939,5.79870977011972,0,5.9018523884183,"2021-05-12",477,5.81796113876491,-0.0146463377959225,5.79941634580785,5.79932802384684,-0.00553919266383849,0,-0.00495603240771036,-1,0,-1
28049,"Hinds","Mississippi",-0.0161452611209964,5.77269029945032,0,5.8857071272973,"2021-05-13",478,5.80942866379119,-0.0173343571307227,5.76317753137252,5.76436662738224,-0.0014106013640574,0,-0.0026880193348002,-1,0,-1
28049,"Hinds","Mississippi",-0.0172176425481266,5.74796598691229,0,5.86848948474917,"2021-05-14",479,5.79344905363378,-0.0167678791179319,5.75156409435384,5.75111433092365,-0.0010723814271302,0,0.000566478012790802,-1,0,1
28049,"Hinds","Mississippi",-0.0121903175573693,5.77096694429022,0,5.8562991671918,"2021-05-15",480,5.77410779137693,-0.0117201252022784,5.77472848313094,5.77425829077585,0.0050273249907573,0,0.0050477539156535,1,0,1
28049,"Hinds","Mississippi",-0.00903496905791104,5.78401941472851,0,5.84726419813389,"2021-05-16",481,5.75890177387728,-0.0105289160698627,5.7720678386329,5.77356178564485,0.00315534849945826,0,0.0011912091324157,1,0,1
28049,"Hinds","Mississippi",-0.0120358373441903,5.75097749938037,0,5.8352283607897,"2021-05-17",482,5.74574667375523,-0.0125603335681064,5.74678152958904,5.74730602581296,-0.00300086828627926,0,-0.0020314174982437,-1,0,-1
28049,"Hinds","Mississippi",-0.0088069346753996,5.7647728833865,0,5.8264214261143,"2021-05-18",483,5.69805179994721,-0.0104679159518165,5.75148503317517,5.75314601445158,0.0032289026687907,0,0.0020924176162899,1,0,1
28049,"Hinds","Mississippi",-0.00846028734939354,5.75873912731915,0,5.81796113876491,"2021-05-19",484,5.65499231048677,-0.0106892859072766,5.74090713885609,5.74313613741397,0.000346647326006059,0,-0.000221369955460101,1,0,-1
28049,"Hinds","Mississippi",-0.00853247497371867,5.74970133897516,0,5.80942866379119,"2021-05-20",485,5.61417031596651,-0.00923286152951406,5.7440982465288,5.74479863308459,-7.21876243251294e-05,0,0.00145642437776254,-1,0,1
28049,"Hinds","Mississippi",-0.0159796101574046,5.68159178253195,0,5.79344905363378,"2021-05-21",486,5.57594910314632,-0.0168540606783075,5.67459617836473,5.67547062888563,-0.00744713518368593,0,-0.00762119914879344,-1,0,-1
28049,"Hinds","Mississippi",-0.0193412622568514,5.63871895557897,0,5.77410779137693,"2021-05-22",487,5.53338948872752,-0.0191313351811899,5.64039837218426,5.6401884451086,-0.0033616520994468,0,-0.0022772745028824,-1,0,-1
28049,"Hinds","Mississippi",-0.0152060174996546,5.6524596513797,0,5.75890177387728,"2021-05-23",488,5.48893772615669,-0.015173110865829,5.6527229044503,5.65268999781648,0.0041352447571968,0,0.0039582243153609,1,0,1
28049,"Hinds","Mississippi",-0.0131551001220447,5.65366097290092,0,5.74574667375523,"2021-05-24",489,5.44550508562005,-0.0154087816081169,5.63563152101235,5.63788520249841,0.0020509173776099,0,-0.0002356707422879,1,0,-1
28049,"Hinds","Mississippi",-0.0476948738080127,5.36418768329113,0,5.69805179994721,"2021-05-25",490,5.4236905714711,-0.0392119245067369,5.43205127770134,5.42356832840005,-0.034539773685968,0,-0.02380314289862,-1,0,-1
28049,"Hinds","Mississippi",-0.0430594894604527,5.3535758842636,0,5.65499231048677,"2021-05-26",491,5.39816270151775,-0.0374103852603517,5.3987687178644,5.39311961366431,0.00463538434755999,0,0.00180153924638519,1,0,1
28049,"Hinds","Mississippi",-0.0408219945202598,5.32841635432469,0,5.61417031596651,"2021-05-27",492,5.37329230971254,-0.0368963369390379,5.35982161497447,5.35589595739324,0.0022374949401929,0,0.000514048321313805,1,0,1
28049,"Hinds","Mississippi",-0.0382212128202011,5.30840061340491,0,5.57594910314632,"2021-05-28",493,5.35725990218149,-0.0360181505012213,5.32602511195674,5.32382204963777,0.0026007817000587,0,0.000878186437816598,1,0,1
28049,"Hinds","Mississippi",-0.0425596144187915,5.23547218779598,0,5.53338948872752,"2021-05-29",494,5.33891076351329,-0.0391397862292469,5.26283081331235,5.25941098512279,-0.0043384015985904,0,-0.0031216357280256,-1,0,-1
28049,"Hinds","Mississippi",-0.0444517625708287,5.17777538816089,0,5.48893772615669,"2021-05-30",495,5.32021863050114,-0.0402105009433337,5.21170548118085,5.20746421955335,-0.00189214815203721,0,-0.0010707147140868,-1,0,-1
28049,"Hinds","Mississippi",-0.0434326405366489,5.1414766018635,0,5.44550508562005,"2021-05-31",496,5.30472536284337,-0.0398538660905419,5.17010679743236,5.16652802298626,0.0010191220341798,0,0.000356634852791797,1,0,1
28049,"Hinds","Mississippi",-0.0218145141489511,5.27098897242844,0,5.4236905714711,"2021-06-01",497,5.29186804286813,-0.0209159905853507,5.27817716093725,5.27727863737365,0.0216181263876978,0,0.0189378755051912,1,0,1
28049,"Hinds","Mississippi",-0.0255278699533387,5.21946761184438,0,5.39816270151775,"2021-06-02",498,5.277385530507,-0.0242272700888172,5.22987241076056,5.22857181089603,-0.0037133558043876,0,-0.0033112795034665,-1,0,-1
28049,"Hinds","Mississippi",-0.0248703918052148,5.19919956707603,0,5.37329230971254,"2021-06-03",499,5.26564658425849,-0.0235897384748203,5.20944479371919,5.2081641403888,0.000657478148123902,0,0.000637531613996899,1,0,1
28049,"Hinds","Mississippi",-0.0160324075310497,5.24503304946414,0,5.35725990218149,"2021-06-04",500,5.24551918098107,-0.0175150278794824,5.23317208667668,5.23465470702511,0.0088379842741651,0,0.0060747105953379,1,0,1
28049,"Hinds","Mississippi",-0.0183491386681957,5.21046679283592,0,5.33891076351329,"2021-06-05",501,5.23492104998924,-0.019080706781519,5.20461424792934,5.20534581604266,-0.002316731137146,0,-0.0015656789020366,-1,0,-1
28049,"Hinds","Mississippi",-0.0186921330121502,5.18937369941608,0,5.32021863050114,"2021-06-06",502,5.22420939439432,-0.0202463530942087,5.17693993875962,5.17849415884168,-0.0003429943439545,0,-0.0011656463126897,-1,0,-1
28049,"Hinds","Mississippi",-0.0154932676577709,5.19627248923897,0,5.30472536284337,"2021-06-07",503,5.21260384827401,-0.0163401596997352,5.18949735290326,5.19034424494522,0.0031988653543793,0,0.0039061933944735,1,0,1
28049,"Hinds","Mississippi",-0.012857319975233,5.2018668030415,0,5.29186804286813,"2021-06-08",504,5.21260384827401,-0.0150275228193287,5.18450518028874,5.18667538313283,0.0026359476825379,0,0.0013126368804065,1,0,1
28049,"Hinds","Mississippi",-0.0144825123611302,5.17600794397909,0,5.277385530507,"2021-06-09",505,5.21881022971655,-0.014016220785179,5.1797382765867,5.17927198501075,-0.0016251923858972,0,0.0010113020341497,-1,0,1
28049,"Hinds","Mississippi",-0.0117389462485095,5.18347396051892,0,5.26564658425849,"2021-06-10",506,5.21803653528724,-0.0123885999740222,5.17827673071482,5.17892638444033,0.0027435661126207,0,0.0016276208111568,1,0,1
28049,"Hinds","Mississippi",-0.0201274032774245,5.1046273580391,0,5.24551918098107,"2021-06-11",507,5.22728159343128,-0.0212827384856934,5.09538467637294,5.09654001158122,-0.008388457028915,0,-0.0088941385116712,-1,0,-1
28049,"Hinds","Mississippi",-0.0105981309918216,5.16073413304649,0,5.23492104998924,"2021-06-12",508,5.238719003662,-0.0142748542902204,5.13132034665931,5.1349970699577,0.0095292722856029,0,0.007007884195473,1,0,1
28049,"Hinds","Mississippi",-0.0107116555949273,5.14922780522983,0,5.22420939439432,"2021-06-13",509,5.25002707742026,-0.0129818697143524,5.13106609227442,5.13333630639385,-0.000113524603105701,0,0.001292984575868,-1,0,1
28049,"Hinds","Mississippi",-0.0116055461203066,5.13136502543186,0,5.21260384827401,"2021-06-14",510,5.25898236114936,-0.0138843789887432,5.11313436248437,5.11541319535281,-0.000893890525379299,0,-0.000902509274390799,-1,0,-1
28049,"Hinds","Mississippi",0,5.21260384827401,0,5.21260384827401,"2021-06-15",511,5.26785815906333,-0.01004585508238,5.13223700761497,5.14228286269735,0.0116055461203066,0,0.0038385239063632,1,0,1
28049,"Hinds","Mississippi",0.00620638144253569,5.2622548998143,0.00620638144253682,5.2622548998143,"2021-06-16",512,5.27373189107542,0.0037171025686268,5.24234066882302,5.24482994769694,0.00620638144253569,0.00620638144253682,0.0137629576510068,1,1,1
28049,"Hinds","Mississippi",-0.00077369442931057,5.21262067428206,0,5.21803653528724,"2021-06-17",513,5.28970899201143,-0.00919698773834895,5.14523432780976,5.1536576211188,-0.00698007587184626,-0.00620638144253682,-0.0129140903069757,-1,-1,-1
28049,"Hinds","Mississippi",0.00924505814404547,5.2919970004396,0.00924505814404686,5.29199700043961,"2021-06-18",514,5.32648824351473,0.0168077416648855,5.35249846860632,5.34493578508548,0.010018752573356,0.00924505814404686,0.0260047294032345,1,1,1
28049,"Hinds","Mississippi",0.0114374102307151,5.318780875277,0.011437410230716,5.31878087527701,"2021-06-19",515,5.36330221663745,0.00969984417628822,5.30488034684159,5.30661791289602,0.00219235208666963,0.00219235208666914,-0.00710789748859728,1,1,-1
28049,"Hinds","Mississippi",0.0113080737582591,5.32918359372807,0.0113080737582587,5.32918359372807,"2021-06-20",516,5.39880890509436,0.00844728687839923,5.30629729868919,5.30915808556905,-0.000129336472456,-0.0001293364724573,-0.00125255729788899,-1,-1,-1
28049,"Hinds","Mississippi",0.00895528372910024,5.32166934725306,0.00895528372910004,5.32166934725306,"2021-06-21",517,5.43309797857299,0.00749290473566373,5.30997031530557,5.31143269429901,-0.00235279002915886,-0.00235279002915866,-0.0009543821427355,-1,-1,-1
28049,"Hinds","Mississippi",0.00887579791397191,5.32998874446113,0.0088757979139702,5.32998874446112,"2021-06-22",518,5.46504172652832,0.00797958644662054,5.32281905272232,5.32371526418967,-7.94858151283301e-05,-7.9485815129841e-05,0.000486681710956809,-1,-1,1
28049,"Hinds","Mississippi",0.00587373201209435,5.31484801516008,0.00587373201209296,5.31484801516007,"2021-06-23",519,5.50823092909137,0.0045512195778429,5.30426791568607,5.30559042812032,-0.00300206590187756,-0.00300206590187724,-0.00342836686877764,-1,-1,-1
28049,"Hinds","Mississippi",0.0159771009360124,5.40154869856352,0.0159771009360137,5.40154869856353,"2021-06-24",520,5.55627633754761,0.0125257343456046,5.37393776584026,5.37738913243066,0.0101033689239181,0.0101033689239207,0.0079745147677617,1,1,1
28049,"Hinds","Mississippi",0.0367792515032933,5.58394300403779,0.0367792515032992,5.58394300403783,"2021-06-25",521,5.59364868024572,0.0295074167785429,5.52576832623977,5.53304016096453,0.0208021505672809,0.0208021505672855,0.0169816824329383,1,1,1
28049,"Hinds","Mississippi",0.0368139731227118,5.62100002849643,0.0368139731227135,5.62100002849644,"2021-06-26",522,5.62864833514717,0.0275064343450668,5.54653971827526,5.55584725705292,3.47216194184971e-05,3.47216194142991e-05,-0.0020009824334761,1,1,-1
28049,"Hinds","Mississippi",0.0355066884569145,5.64735572429276,0.0355066884569109,5.64735572429273,"2021-06-27",523,5.66246432532547,0.0253152570273012,5.56582427285586,5.57601570428547,-0.0013072846657973,-0.0013072846658026,-0.0021911773177656,-1,-1,-1
28049,"Hinds","Mississippi",0.0342890734786329,5.67312149292342,0.0342890734786332,5.67312149292342,"2021-06-28",524,5.71561693230321,0.0261730591573033,5.60819337835279,5.61630939267411,-0.0012176149782816,-0.0012176149782777,0.000857802130002101,-1,-1,1
28049,"Hinds","Mississippi",0.0319437479553316,5.68864796221564,0.0319437479553306,5.68864796221564,"2021-06-29",525,5.77188606195827,0.0238096075302822,5.62357483881525,5.6317089792403,-0.0023453255233013,-0.0023453255233026,-0.0023634516270211,-1,-1,-1
28049,"Hinds","Mississippi",0.0431892025630434,5.81055534703267,0.0431892025630445,5.81055534703268,"2021-06-30",526,5.84022628872776,0.0336853583643374,5.73452459344302,5.74402843764173,0.0112454546077118,0.0112454546077139,0.0098757508340552,1,1,1
28049,"Hinds","Mississippi",0.048045408456246,5.89259419674133,0.0480454084562449,5.89259419674133,"2021-07-01",527,5.90302357730876,0.0369815923905882,5.80408366821608,5.81514748428173,0.0048562058932026,0.0048562058932004,0.0032962340262508,1,1,1
28049,"Hinds","Mississippi",0.0373723426981066,5.85525507913246,0.0373723426981067,5.85525507913247,"2021-07-02",528,5.96357934361845,0.0306576574442933,5.80153759710196,5.80825228235577,-0.0106730657581394,-0.0106730657581382,-0.0063239349462949,-1,-1,-1
28049,"Hinds","Mississippi",0.0349996549014427,5.87364591945726,0.0349996549014477,5.8736459194573,"2021-07-03",529,6.01754991758366,0.0349593898593412,5.87332379912045,5.87336406416256,-0.0023726877966639,-0.002372687796659,0.0043017324150479,-1,-1,1
28049,"Hinds","Mississippi",0.0338159901783005,5.89917625657357,0.0338159901783044,5.8991762565736,"2021-07-04",530,6.06875622140963,0.0299681528371411,5.8683935578443,5.87224139518546,-0.0011836647231422,-0.0011836647231433,-0.0049912370222001,-1,-1,-1
28049,"Hinds","Mississippi",0.0531526069777273,6.0876851811473,0.0531526069777346,6.08768518114735,"2021-07-05",531,6.09678934784232,0.0410392696351177,5.99077848240641,6.00289181974903,0.0193366167994268,0.0193366167994302,0.0110711167979766,1,1,1
28049,"Hinds","Mississippi",0.0562691296550553,6.16576996954366,0.056269129655063,6.16576996954371,"2021-07-06",532,6.14173013872367,0.0467197571766329,6.08937498971627,6.0989243621947,0.003116522677328,0.0031165226773284,0.00568048754151521,1,1,1
28049,"Hinds","Mississippi",0.0683402267695012,6.31860787611427,0.0683402267694913,6.3186078761142,"2021-07-07",533,6.18001665365257,0.0507437389949737,6.17783597391806,6.19543246169258,0.0120710971144459,0.0120710971144283,0.00402398181834079,1,1,1
28049,"Hinds","Mississippi",0.0627972885809873,6.34260459737567,0.062797288580998,6.34260459737574,"2021-07-08",534,6.22625430305659,0.0544838684916126,6.27609723666066,6.28441065675005,-0.0055429381885139,-0.00554293818849329,0.00374012949663891,-1,-1,1
28049,"Hinds","Mississippi",0.0605557663096963,6.38746970778632,0.0605557663096885,6.38746970778627,"2021-07-09",535,6.28440065007971,0.0469242734052895,6.27841776455108,6.29204925745548,-0.00224152227129101,-0.00224152227130951,-0.0075595950863231,-1,-1,-1
28049,"Hinds","Mississippi",0.0539705739652033,6.39534393534008,0.0539705739652119,6.39534393534014,"2021-07-10",536,6.33277201391559,0.0438670805197977,6.31451598777683,6.32461948122224,-0.006585192344493,-0.0065851923444766,-0.0030571928854918,-1,-1,-1
28049,"Hinds","Mississippi",0.0512063038259682,6.42720034819141,0.0512063038259702,6.42720034819142,"2021-07-11",537,6.37891114971347,0.0425771110453088,6.35816680594613,6.36679599872679,-0.0027642701392351,-0.0027642701392417,-0.0012899694744889,-1,-1,-1
28049,"Hinds","Mississippi",0.0280331264326911,6.29302123287116,0.0280331264326943,6.29302123287118,"2021-07-12",538,NA,0.0285333475433188,6.29702300175618,6.29652278064555,-0.0231731773932771,-0.0231731773932759,-0.01404376350199,-1,-1,-1
28049,"Hinds","Mississippi",0.0449407908813476,6.4563156748931,0.0449407908813475,6.4563156748931,"2021-07-13",539,NA,0.0392575667283437,6.41084988166907,6.41653310582208,0.0169076644486565,0.0169076644486532,0.0107242191850249,1,1,1
28049,"Hinds","Mississippi",0.0382865149288952,6.44802225815484,0.0382865149289024,6.44802225815489,"2021-07-14",540,NA,0.0342308659131693,6.41557706602902,6.41963271504475,-0.0066542759524524,-0.0066542759524451,-0.0050267008151744,-1,-1,-1
28049,"Hinds","Mississippi",0.0462376494040162,6.5499178488847,0.0462376494040182,6.54991784888472,"2021-07-15",541,NA,0.0418300158736384,6.51465678064168,6.51906441417206,0.007951134475121,0.0079511344751158,0.0075991499604691,1,1,1
28049,"Hinds","Mississippi",0.0581463470231085,6.69142507924147,0.0581463470231167,6.69142507924152,"2021-07-16",542,NA,0.0508073759305488,6.63271331050098,6.64005228159355,0.0119086976190923,0.0119086976190985,0.0089773600569104,1,1,1
28049,"Hinds","Mississippi",0.0483713638358859,6.67137156076679,0.0483713638358862,6.6713715607668,"2021-07-17",543,NA,0.0435479380113377,6.63278415417041,6.63760757999495,-0.0097749831872226,-0.0097749831872305,-0.0072594379192111,-1,-1,-1
28049,"Hinds","Mississippi",0.0461391357978799,6.70188510029863,0.0461391357978744,6.70188510029859,"2021-07-18",544,NA,0.0435856542302467,6.68145724775756,6.6840107293252,-0.002232228038006,-0.0022322280380118,3.77162189089952e-05,-1,-1,1
