"fips","county","state","r.lm","predicted.lm","r.slm","predicted.slm","date.y","days_from_start.y","log_rolled_cases.y","tau.hat","predicted.grf.future.0","predicted.grf.future.last","D.r.lm","D.r.slm","D.tau.hat","B.D.r.lm","B.D.r.slm","B.D.tau.hat"
28117,"Prentiss","Mississippi",0.068992871486949,3.54767524544958,0.0689928714869503,3.54767524544959,"2020-05-01",101,3.07136968775961,0.0664912446368059,3.52766223064844,3.53016385749858,NA,NA,NA,NA,NA,NA
28117,"Prentiss","Mississippi",0.0327898228229904,3.32704372762486,0.0327898228229904,3.32704372762486,"2020-05-02",102,3.07136968775961,0.041089858734451,3.39344401491655,3.38514397900509,-0.0362030486639586,-0.0362030486639599,-0.0254013859023549,-1,-1,-1
28117,"Prentiss","Mississippi",0.025479085300987,3.30134765027183,0.0254790853009861,3.30134765027182,"2020-05-03",103,3.06472514504094,0.0319349918097884,3.35299490234224,3.34653899583344,-0.0073107375220034,-0.0073107375220043,-0.0091548669246626,-1,-1,-1
28117,"Prentiss","Mississippi",0.0125001627642314,3.22299535527877,0.012500162764232,3.22299535527877,"2020-05-04",104,3.03769647265303,0.0230606175769933,3.30747899378087,3.2969185389681,-0.0129789225367556,-0.0129789225367541,-0.0088743742327951,-1,-1,-1
28117,"Prentiss","Mississippi",-0.0125001627642321,3.03549291381529,0,3.12299405316492,"2020-05-05",105,3.02390315052069,-0.0056009096208071,3.09068693896269,3.08378768581927,-0.0250003255284635,-0.012500162764232,-0.0286615271978004,-1,-1,-1
28117,"Prentiss","Mississippi",-0.0126583968719232,3.02172687818953,0,3.11033565629299,"2020-05-06",106,3.00284974132285,-0.00687776151123091,3.06797196107507,3.06219132571437,-0.000158234107691099,0,-0.00127685189042381,-1,0,-1
28117,"Prentiss","Mississippi",0.0658132185695721,3.57102818628,0.0658132185695703,3.57102818627999,"2020-06-18",149,3.35739475900376,0.0639649183226919,3.55624178430495,3.55809008455183,0.0784716154414953,0.0658132185695703,0.0708426798339228,1,1,1
28117,"Prentiss","Mississippi",0.0677181740549495,3.65208104873259,0.0677181740549524,3.65208104873261,"2020-06-19",150,3.35739475900376,0.0688970834257779,3.66151232369921,3.6603334143284,0.00190495548537739,0.0019049554853821,0.004932165103086,1,1,1
28117,"Prentiss","Mississippi",0.0521857531705696,3.5955398557125,0.0521857531705705,3.59553985571251,"2020-06-20",151,3.31158522297247,0.0545993977822432,3.6148490126059,3.61243536799422,-0.0155324208843799,-0.0155324208843819,-0.0142976856435347,-1,-1,-1
28117,"Prentiss","Mississippi",0.0495969411393749,3.62701511263351,0.0495969411393729,3.6270151126335,"2020-06-21",152,3.25258688221051,0.052129496414662,3.64727555483582,3.64474299956052,-0.0025888120311947,-0.0025888120311976,-0.00246990136758121,-1,-1,-1
28117,"Prentiss","Mississippi",0.0369435151916845,3.57538464619136,0.0369435151916844,3.57538464619136,"2020-06-22",153,3.23587340123677,0.0396209642735275,3.59680423884611,3.59412678976426,-0.0126534259476904,-0.0126534259476885,-0.0125085321411345,-1,-1,-1
28117,"Prentiss","Mississippi",0.0154244703256296,3.44017580245461,0.0154244703256303,3.44017580245462,"2020-06-23",154,3.20738144544246,0.0165960508400221,3.44954844656975,3.44837686605535,-0.0215190448660549,-0.0215190448660541,-0.0230249134335054,-1,-1,-1
28117,"Prentiss","Mississippi",0.0151901654939747,3.453725834127,0.0151901654939741,3.453725834127,"2020-06-24",155,3.20738144544246,0.0184359126561418,3.47969181142433,3.47644606426217,-0.000234304831654901,-0.0002343048316562,0.0018398618161197,-1,-1,1
28117,"Prentiss","Mississippi",0.0100000833345837,3.42739534234585,0.0100000833345839,3.42739534234585,"2020-06-25",156,3.22457384598284,0.0120005683046415,3.44339922210631,3.44139873713625,-0.005190082159391,-0.0051900821593902,-0.0064353443515003,-1,-1,-1
28117,"Prentiss","Mississippi",6.28036983473505e-16,3.35739475900377,0,3.35739475900376,"2020-06-26",157,3.27444567602301,0.00815682401788111,3.42264935114681,3.41449252712893,-0.0100000833345831,-0.0100000833345839,-0.00384374428676039,-1,-1,-1
28117,"Prentiss","Mississippi",-0.0458095360312945,2.99091847075341,0,3.31158522297247,"2020-06-27",158,3.3722098447889,-0.0386139682107154,3.04848301331804,3.04128744549746,-0.0458095360312951,0,-0.0467707922285965,-1,0,-1
28117,"Prentiss","Mississippi",-0.0589983407619528,2.83959849687684,0,3.25258688221051,"2020-06-28",159,3.45676723281697,-0.0503538293137838,2.9087545884622,2.90011007701402,-0.0131888047306583,0,-0.0117398611030684,-1,0,-1
28117,"Prentiss","Mississippi",-0.0167134809737433,3.11887903442057,0,3.23587340123677,"2020-06-29",160,3.51367536508885,-0.0197044084656378,3.09495161448541,3.09794254197731,0.0422848597882095,0,0.030649420848146,1,0,1
28117,"Prentiss","Mississippi",-0.0284919557943035,3.00793775488234,0,3.20738144544246,"2020-06-30",161,3.57954279007647,-0.0291008807078899,3.00306635557365,3.00367528048723,-0.0117784748205602,0,-0.0093964722422521,-1,0,-1
28117,"Prentiss","Mississippi",-6.2803698347353e-16,3.20738144544246,0,3.20738144544246,"2020-07-01",162,3.60316593583991,0.00820277625693115,3.27300365549791,3.26480087924098,0.0284919557943029,0,0.037303656964821,1,0,1
28117,"Prentiss","Mississippi",0.0171924005403711,3.34492064976543,0.0171924005403716,3.34492064976544,"2020-07-02",163,3.62243435470578,0.020258878555559,3.36945247388693,3.36638599587175,0.0171924005403717,0.0171924005403716,0.0120561022986278,1,1,1
28117,"Prentiss","Mississippi",0.0498718300401743,3.62354848630423,0.0498718300401739,3.62354848630423,"2020-07-03",164,3.630038954091,0.0544168454479292,3.65990860956627,3.65536359415851,0.0326794294998032,0.0326794294998023,0.0341579668923702,1,1,1
28117,"Prentiss","Mississippi",0.0977641687658872,4.05655902615011,0.0977641687658912,4.05655902615014,"2020-07-04",165,3.64880123054653,0.0904537443102118,3.9980756305047,4.00538605496038,0.0478923387257129,0.0478923387257173,0.0360368988622826,1,1,1
28117,"Prentiss","Mississippi",0.0845573880280634,4.04866894901341,0.0845573880280641,4.04866894901341,"2020-07-05",166,3.67449071666184,0.0839137209730561,4.04351961257335,4.04416327962836,-0.0132067807378238,-0.0132067807378271,-0.0065400233371557,-1,-1,-1
28117,"Prentiss","Mississippi",0.0569081322718797,3.912032290992,0.0569081322718805,3.91203229099201,"2020-07-06",167,3.68887945411394,0.0589355794459729,3.92825186838475,3.92622442121066,-0.0276492557561837,-0.0276492557561836,-0.0249781415270832,-1,-1,-1
28117,"Prentiss","Mississippi",0.065867424987624,4.04061476498984,0.0658674249876254,4.04061476498985,"2020-07-07",168,3.70306408910589,0.0660961077718606,4.04244422726373,4.04221554447949,0.0089592927157443,0.00895929271574491,0.00716052832588771,1,1,1
28117,"Prentiss","Mississippi",0.0236231457634333,3.76852795618394,0.0236231457634344,3.76852795618395,"2020-07-08",169,3.72741311811618,0.0260484808715168,3.7879306370486,3.78550530194053,-0.0422442792241907,-0.042244279224191,-0.0400476269003438,-1,-1,-1
28117,"Prentiss","Mississippi",0.0192684188658775,3.75731328676692,0.0192684188658765,3.75731328676692,"2020-07-09",170,3.74444930526875,0.0210525392894125,3.77158625015521,3.76980212973167,-0.0043547268975558,-0.0043547268975579,-0.0049959415821043,-1,-1,-1
28117,"Prentiss","Mississippi",0.00760459938521868,3.68327114978753,0.00760459938521985,3.68327114978754,"2020-07-10",171,3.77111755235091,0.0144117278588183,3.73772817757633,3.73092104910273,-0.0116638194806588,-0.0116638194806567,-0.0066408114305942,-1,-1,-1
28117,"Prentiss","Mississippi",0.0187622764555221,3.78013716573518,0.0187622764555226,3.78013716573518,"2020-07-11",172,3.79388276312392,0.0219717996882453,3.80581335159696,3.80260382836425,0.0111576770703034,0.0111576770703028,0.007560071829427,1,1,1
28117,"Prentiss","Mississippi",0.0256894861153108,3.85431711946901,0.025689486115311,3.85431711946901,"2020-07-12",173,3.83791503327442,0.0282411409634768,3.87473035825434,3.87217870340618,0.0069272096597887,0.0069272096597884,0.0062693412752315,1,1,1
28117,"Prentiss","Mississippi",0.0143887374521005,3.78960061627864,0.0143887374521001,3.78960061627864,"2020-07-13",174,3.88303546855489,0.0191322473864075,3.8275486957531,3.82280518581879,-0.0113007486632103,-0.0113007486632109,-0.0091088935770693,-1,-1,-1
28117,"Prentiss","Mississippi",0.0141846349919569,3.80235653404959,0.014184634991957,3.80235653404959,"2020-07-14",175,3.90341463089155,0.0180483591835065,3.83326632758199,3.82940260339044,-0.0002041024601436,-0.0002041024601431,-0.001083888202901,-1,-1,-1
28117,"Prentiss","Mississippi",0.024349029010287,3.89785632118819,0.0243490290102866,3.89785632118819,"2020-07-15",176,3.93462283734539,0.0257541840157612,3.90909756123198,3.90769240622651,0.0101643940183301,0.0101643940183296,0.0077058248322547,1,1,1
28117,"Prentiss","Mississippi",0.0170361871525671,3.86370261533672,0.0170361871525677,3.86370261533672,"2020-07-16",177,3.99426110366512,0.0197067223396014,3.88506689683299,3.88239636164596,-0.0073128418577199,-0.0073128418577189,-0.0060474616761598,-1,-1,-1
28117,"Prentiss","Mississippi",0.0266682470821612,3.95779528192604,0.0266682470821604,3.95779528192603,"2020-07-17",178,4.05302641289137,0.0296855899322738,3.98193402472694,3.97891668187683,0.0096320599295941,0.0096320599295927,0.0099788675926724,1,1,1
28117,"Prentiss","Mississippi",0.0227652107730103,3.95323923853499,0.0227652107730121,3.953239238535,"2020-07-18",179,4.12943588203337,0.0266641958031627,3.98443111877621,3.98053213374606,-0.0039030363091509,-0.0039030363091483,-0.0030213941291111,-1,-1,-1
28117,"Prentiss","Mississippi",0.0440322701505038,4.14614092432795,0.0440322701505034,4.14614092432795,"2020-07-19",180,4.19612725653204,0.0448804963781577,4.15292673414918,4.15207850792152,0.0212670593774935,0.0212670593774913,0.018216300574995,1,1,1
28117,"Prentiss","Mississippi",0.0451204352804703,4.19887851551819,0.045120435280471,4.19887851551819,"2020-07-20",181,4.28653786749521,0.0466246953816932,4.21091259632797,4.20940833622674,0.0010881651299665,0.0010881651299676,0.0017441990035355,1,1,1
28117,"Prentiss","Mississippi",0.0203791623366523,4.04606876724811,0.0203791623366518,4.04606876724811,"2020-07-21",182,4.39444915467244,0.0237073172531549,4.07269400658013,4.06936585166363,-0.024741272943818,-0.0247412729438192,-0.0229173781285383,-1,-1,-1
28117,"Prentiss","Mississippi",0.0312082064538405,4.15308028252227,0.0312082064538401,4.15308028252227,"2020-07-22",183,4.50771484983738,0.0342012290623697,4.17702446339051,4.17403144078198,0.0108290441171882,0.0108290441171883,0.0104939118092148,1,1,1
28117,"Prentiss","Mississippi",0.0596382663197324,4.41172896790325,0.0596382663197321,4.41172896790324,"2020-07-23",184,4.60087526170521,0.0608691841222258,4.4215763103232,4.4203453925207,0.0284300598658919,0.028430059865892,0.0266679550598561,1,1,1
28117,"Prentiss","Mississippi",0.0587653092262529,4.46438357747514,0.0587653092262514,4.46438357747513,"2020-07-24",185,4.68477323658706,0.0565049396758444,4.44630062107188,4.44856099062228,-0.000872957093479503,-0.000872957093480696,-0.0043642444463814,-1,-1,-1
28117,"Prentiss","Mississippi",0.0764094691419985,4.66430216602736,0.0764094691419999,4.66430216602737,"2020-07-25",186,4.76217393479776,0.0732480905045893,4.63901113692808,4.64217251556549,0.0176441599157456,0.0176441599157485,0.0167431508287449,1,1,1
28117,"Prentiss","Mississippi",0.0666913744986725,4.66296687802275,0.0666913744986726,4.66296687802275,"2020-07-26",187,4.8283137373023,0.0661334860680176,4.65850377057751,4.65906165900816,-0.009718094643326,-0.0097180946433273,-0.00711460443657171,-1,-1,-1
28117,"Prentiss","Mississippi",0.0904106109631681,4.91941214423739,0.0904106109631666,4.91941214423738,"2020-07-27",188,4.8795498872,0.0814945497002388,4.84808365413395,4.85699971539688,0.0237192364644956,0.023719236464494,0.0153610636322212,1,1,1
28117,"Prentiss","Mississippi",0.10791128717723,5.14982816491305,0.10791128717723,5.14982816491305,"2020-07-28",189,4.93241631923601,0.094907774242787,5.04580006143751,5.05880357437195,0.0175006762140619,0.0175006762140634,0.0134132245425482,1,1,1
28117,"Prentiss","Mississippi",0.113265695164941,5.30057471599197,0.113265695164939,5.30057471599195,"2020-07-29",190,4.98262766910935,0.0959044419477674,5.16168469025458,5.17904594347175,0.005354407987711,0.005354407987709,0.0009966677049804,1,1,1
28117,"Prentiss","Mississippi",0.0931604118678354,5.25299814478006,0.0931604118678324,5.25299814478004,"2020-07-30",191,5.04893983677776,0.086445551584954,5.19927926251701,5.20599412279989,-0.0201052832971056,-0.0201052832971066,-0.0094588903628134,-1,-1,-1
28117,"Prentiss","Mississippi",0.0838979748818382,5.27205906075992,0.0838979748818449,5.27205906075997,"2020-07-31",192,5.11542421785513,0.0781064941314688,5.22572721475696,5.23151869550734,-0.0092624369859972,-0.0092624369859875,-0.00833905745348519,-1,-1,-1
28117,"Prentiss","Mississippi",0.0774006982107023,5.30397882227267,0.0774006982107007,5.30397882227266,"2020-08-01",193,5.17453422333718,0.077946902133635,5.30834845365614,5.30780224973321,-0.00649727667113589,-0.00649727667114421,-0.000159591997833802,-1,-1,-1
28117,"Prentiss","Mississippi",0.066139802504543,5.2912923548341,0.0661398025045452,5.29129235483412,"2020-08-02",194,5.23263533470838,0.0672891332760866,5.30048700100645,5.29933767023491,-0.0112608957061593,-0.0112608957061555,-0.0106577688575484,-1,-1,-1
28117,"Prentiss","Mississippi",0.0512361498976926,5.23820293648385,0.0512361498976954,5.23820293648386,"2020-08-03",195,5.28320372873799,0.0528623397284795,5.25121245513014,5.24958626529936,-0.0149036526068504,-0.0149036526068498,-0.0144267935476071,-1,-1,-1
28117,"Prentiss","Mississippi",0.0528664320360153,5.30248134348812,0.0528664320360166,5.30248134348813,"2020-08-04",196,5.32926217039746,0.0543246342849869,5.31414696147989,5.31268875923092,0.0016302821383227,0.0016302821383212,0.0014622945565074,1,1,1
28117,"Prentiss","Mississippi",0.0502113498733408,5.33410711822274,0.0502113498733401,5.33410711822273,"2020-08-05",197,5.37527840768417,0.0495295221338821,5.32865249630707,5.32933432404652,-0.0026550821626745,-0.0026550821626765,-0.0047951121511048,-1,-1,-1
28117,"Prentiss","Mississippi",0.0663121676684044,5.51312501045659,0.0663121676684044,5.51312501045659,"2020-08-06",198,5.41164605185504,0.062337926811588,5.48133108360205,5.48530532445888,0.0161008177950636,0.0161008177950643,0.0128084046777059,1,1,1
28117,"Prentiss","Mississippi",0.0664843810773682,5.5808148853967,0.0664843810773688,5.58081488539671,"2020-08-07",199,5.44427127917111,0.0640177948785306,5.561082195806,5.56354878200484,0.000172213408963798,0.000172213408964395,0.0016798680669426,1,1,1
28117,"Prentiss","Mississippi",0.0591100054820468,5.5883042617115,0.059110005482049,5.58830426171152,"2020-08-08",200,5.47347043386338,0.0576350674130221,5.57650475715931,5.57797969522833,-0.00737437559532141,-0.0073743755953198,-0.0063827274655085,-1,-1,-1
28117,"Prentiss","Mississippi",0.0581011113712101,5.63934311430686,0.0581011113712089,5.63934311430685,"2020-08-09",201,5.48716519984327,0.054771348716921,5.61270501307255,5.61603477572683,-0.0010088941108367,-0.0010088941108401,-0.0028637186961011,-1,-1,-1
28117,"Prentiss","Mississippi",0.0505683940296044,5.63718248694522,0.0505683940296038,5.63718248694521,"2020-08-10",202,5.50125821054473,0.0498945673821873,5.63179187376588,5.6324657004133,-0.0075327173416057,-0.0075327173416051,-0.0048767813347337,-1,-1,-1
28117,"Prentiss","Mississippi",0.0460584416594674,5.65167126201373,0.0460584416594685,5.65167126201374,"2020-08-11",203,5.50533153593236,0.0457276629245452,5.64902503213435,5.64935581086928,-0.004509952370137,-0.0045099523701353,-0.0041669044576421,-1,-1,-1
28117,"Prentiss","Mississippi",0.0460162372867067,5.69739206869111,0.0460162372867083,5.69739206869112,"2020-08-12",204,5.50416942075219,0.0450368816334829,5.68955722346532,5.69053657911855,-4.22043727607013e-05,-4.22043727602017e-05,-0.000690781291062301,-1,-1,-1
28117,"Prentiss","Mississippi",0.036367644170874,5.66621956105116,0.0363676441708742,5.66621956105116,"2020-08-13",205,5.49892312483688,0.0331255524474484,5.64028282726376,5.64352491898718,-0.0096485931158327,-0.0096485931158341,-0.0119113291860345,-1,-1,-1
28117,"Prentiss","Mississippi",0.0326252273160753,5.67264787038364,0.0326252273160748,5.67264787038364,"2020-08-14",206,5.49482355833395,0.0299647647691215,5.65136417000801,5.65402463255496,-0.0037424168547987,-0.0037424168547994,-0.0031607876783269,-1,-1,-1
28117,"Prentiss","Mississippi",0.029199154692264,5.67786451670923,0.0291991546922636,5.67786451670922,"2020-08-15",207,5.4971682252932,0.0275354057308261,5.66455452501772,5.66621827397916,-0.0034260726238113,-0.0034260726238112,-0.0024293590382954,-1,-1,-1
28117,"Prentiss","Mississippi",0.0136947659798931,5.58302856170252,0.0136947659798912,5.58302856170251,"2020-08-16",208,5.50416942075219,0.0145631983588482,5.58997602073417,5.58910758835521,-0.0155043887123709,-0.0155043887123724,-0.0129722073719779,-1,-1,-1
28117,"Prentiss","Mississippi",0.0140930107014583,5.59990928545494,0.0140930107014583,5.59990928545494,"2020-08-17",209,5.50880980030869,0.0154295384851794,5.61060150772471,5.60926497994099,0.000398244721565201,0.0003982447215671,0.000866340126331199,1,1,1
28117,"Prentiss","Mississippi",0.00407332538763568,5.53384481364581,0.00407332538763505,5.53384481364581,"2020-08-18",210,5.52031740716017,0.0080412516636528,5.56558822385395,5.56162029757793,-0.0100196853138226,-0.0100196853138233,-0.0073882868215266,-1,-1,-1
28117,"Prentiss","Mississippi",-0.00116211518017611,5.49603461449095,0,5.50416942075219,"2020-08-19",211,5.53112832326438,-0.0067691153210081,5.45117861336429,5.45678561350513,-0.00523544056781179,-0.00407332538763505,-0.0148103669846609,-1,-1,-1
28117,"Prentiss","Mississippi",-0.00524629591530667,5.46219905342973,0,5.49892312483688,"2020-08-20",212,5.53789653861052,-0.00776332195610569,5.44206284510334,5.44457987114414,-0.00408418073513056,0,-0.00099420663509759,-1,0,-1
28117,"Prentiss","Mississippi",-0.00409956650293438,5.4661265928134,0,5.49482355833395,"2020-08-21",213,5.53056223210859,-0.00647287111125663,5.44714015594683,5.44951346055515,0.00114672941237229,0,0.00129045084484906,1,0,1
28117,"Prentiss","Mississippi",0.00234466695925756,5.513580894008,0.00234466695925661,5.513580894008,"2020-08-22",214,5.51573024315326,0.00513247721203149,5.5358833760302,5.53309556577742,0.00644423346219194,0.00234466695925661,0.0116053483232881,1,1,1
28117,"Prentiss","Mississippi",0.00700119545898588,5.55317778896509,0.00700119545898481,5.55317778896508,"2020-08-23",215,5.50125821054473,0.00661845082954298,5.55011583192954,5.55049857655899,0.00465652849972832,0.0046565284997282,0.00148597361751149,1,1,1
28117,"Prentiss","Mississippi",0.00464037955650003,5.54129245720419,0.0046403795565011,5.5412924572042,"2020-08-24",216,5.48538952610059,0.00460854097006983,5.54103774851275,5.54106958709918,-0.00236081590248585,-0.00236081590248371,-0.00200990985947315,-1,-1,-1
28117,"Prentiss","Mississippi",0.0115076068514818,5.60087065512054,0.011507606851481,5.60087065512054,"2020-08-25",217,5.47825513198671,0.00986739546528696,5.58774896403099,5.58938917541718,0.00686722729498177,0.0068672272949799,0.00525885449521713,1,1,1
28117,"Prentiss","Mississippi",0.0108109161042127,5.60680473599387,0.0108109161042123,5.60680473599387,"2020-08-26",218,5.46926496055798,0.00802266497934701,5.58449872699495,5.58728697811981,-0.000696690747269101,-0.0006966907472687,-0.00184473048593995,-1,-1,-1
28117,"Prentiss","Mississippi",0.00676821534614119,5.58527404603351,0.00676821534614014,5.5852740460335,"2020-08-27",219,5.45776014095706,0.00653146322264567,5.58338002904555,5.58361678116904,-0.00404270075807151,-0.00404270075807216,-0.00149120175670134,-1,-1,-1
28117,"Prentiss","Mississippi",-0.00733430650192997,5.47922208659508,0,5.53056223210859,"2020-08-28",220,5.44796814105244,-0.0124595587469112,5.43822006863523,5.44334532088021,-0.0141025218480712,-0.00676821534614014,-0.0189910219695569,-1,-1,-1
28117,"Prentiss","Mississippi",-0.0148319889553267,5.41190632046598,0,5.51573024315326,"2020-08-29",221,5.42871886616363,-0.015934401136033,5.40308702302033,5.40418943520103,-0.00749768245339673,0,-0.0034748423891218,-1,0,-1
28117,"Prentiss","Mississippi",-0.0144720326085371,5.39995398228497,0,5.50125821054473,"2020-08-30",222,5.41036972749544,-0.0149507852055707,5.39612396150869,5.39660271410574,0.0003599563467896,0,0.000983615930462301,1,0,1
28117,"Prentiss","Mississippi",-0.0158686844441371,5.37430873499163,0,5.48538952610059,"2020-08-31",223,5.40524807737538,-0.0160342706493991,5.37298404534954,5.3731496315548,-0.0013966518356,0,-0.0010834854438284,-1,0,-1
28117,"Prentiss","Mississippi",-0.00713439411387595,5.42831437318958,0,5.47825513198671,"2020-09-01",224,5.3942766862648,-0.00980343130803395,5.40696207563632,5.40963111283047,0.00873429033026115,0,0.00623083934136515,1,0,1
28117,"Prentiss","Mississippi",-0.00899017142873434,5.40633376055684,0,5.46926496055798,"2020-09-02",225,5.38055546478501,-0.0120085766173408,5.38218651904798,5.38520492423659,-0.00185577731485839,0,-0.00220514530930685,-1,0,-1
28117,"Prentiss","Mississippi",-0.011504819600917,5.37722640375064,0,5.45776014095706,"2020-09-03",226,5.36397133676948,-0.0136775743532819,5.35984436573172,5.36201712048409,-0.00251464817218266,0,-0.0016689977359411,-1,0,-1
28117,"Prentiss","Mississippi",-0.00979199990461926,5.37942414172011,0,5.44796814105244,"2020-09-04",227,5.34982492369397,-0.0112353667493062,5.36787720696261,5.3693205738073,0.00171281969629774,0,0.0024422076039757,1,0,1
28117,"Prentiss","Mississippi",-0.019249274888808,5.29397394194198,0,5.42871886616363,"2020-09-05",228,5.33959639946747,-0.0174661258898205,5.30823913393388,5.30645598493489,-0.00945727498418874,0,-0.0062307591405143,-1,0,-1
28117,"Prentiss","Mississippi",-0.0183491386681984,5.28192575681805,0,5.41036972749544,"2020-09-06",229,5.32856940971856,-0.0170646423133497,5.29220172765683,5.29091723130199,0.000900136220609599,0,0.000401483576470803,1,0,1
28117,"Prentiss","Mississippi",-0.00512165012005452,5.369396526535,0,5.40524807737538,"2020-09-07",230,5.30968112519835,-0.00867894145437187,5.34093819586047,5.34449548719478,0.0132274885481439,0,0.00838570085897783,1,0,1
28117,"Prentiss","Mississippi",-0.010971391110579,5.31747694849075,0,5.3942766862648,"2020-09-08",231,5.2868229871223,-0.0134627761404873,5.29754586825148,5.30003725328139,-0.00584974099052448,0,-0.00478383468611543,-1,0,-1
28117,"Prentiss","Mississippi",-0.0137212214797953,5.28450691442644,0,5.38055546478501,"2020-09-09",232,5.26932982967478,-0.0132533167077511,5.28825015260279,5.28778224783075,-0.0027498303692163,0,0.0002094594327362,-1,0,1
28117,"Prentiss","Mississippi",-0.0165841280155309,5.24788244066076,0,5.36397133676948,"2020-09-10",233,5.25302109163286,-0.0165725705475277,5.24797490040479,5.24796334293679,-0.0028629065357356,0,-0.0033192538397766,-1,0,-1
28117,"Prentiss","Mississippi",-0.0141464130755046,5.25080003216544,0,5.34982492369397,"2020-09-11",234,5.24174701505964,-0.0147418658071704,5.24603641031212,5.24663186304378,0.0024377149400263,0,0.0018307047403573,1,0,1
28117,"Prentiss","Mississippi",-0.0102285242265001,5.26799672988197,0,5.33959639946747,"2020-09-12",235,5.23568179555655,-0.013660786381086,5.24053863264528,5.24397089479987,0.0039178888490045,0,0.0010810794260844,1,0,1
28117,"Prentiss","Mississippi",-0.0110269897489106,5.25138048147618,0,5.32856940971856,"2020-09-13",236,5.23187226713988,-0.0126126931879512,5.23869485396386,5.2402805574029,-0.0007984655224105,0,0.0010480931931348,-1,0,1
28117,"Prentiss","Mississippi",-0.0188882845202065,5.17746313355691,0,5.30968112519835,"2020-09-14",237,5.23110861685459,-0.0177023347174146,5.18695073197924,5.18576478217645,-0.0078612947712959,0,-0.0050896415294634,-1,0,-1
28117,"Prentiss","Mississippi",-0.022858138076049,5.12681602058996,0,5.2868229871223,"2020-09-15",238,5.23720155268797,-0.0220268863575777,5.13346603433773,5.13263478261926,-0.0039698535558425,0,-0.0043245516401631,-1,0,-1
28117,"Prentiss","Mississippi",-0.0174931574475219,5.14687772754213,0,5.26932982967478,"2020-09-16",239,5.23339782044872,-0.0167530714426183,5.15279841558135,5.15205832957645,0.0053649806285271,0,0.0052738149149594,1,0,1
28117,"Prentiss","Mississippi",-0.0163087380419212,5.13885992533941,0,5.25302109163286,"2020-09-17",240,5.23644196282995,-0.0160644442900166,5.14081427535465,5.14056998160274,0.0011844194056007,0,0.000688627152601699,1,0,1
28117,"Prentiss","Mississippi",-0.0112740765732175,5.16282847904712,0,5.24174701505964,"2020-09-18",241,5.24551918098107,-0.0119656572390389,5.15729583372055,5.15798741438637,0.0050346614687037,0,0.0040987870509777,1,0,1
28117,"Prentiss","Mississippi",-0.00606521950308832,5.19322525903493,0,5.23568179555655,"2020-09-19",242,5.25600616847632,-0.00948089661080141,5.16589984217323,5.16931551928094,0.00520885707012918,0,0.00248476062823749,1,0,1
28117,"Prentiss","Mississippi",-0.00380952841666879,5.2052055682232,0,5.23187226713988,"2020-09-20",243,5.2722666893481,-0.00906008822037276,5.16320108979357,5.16845164959727,0.00225569108641953,0,0.000420808390428649,1,0,1
28117,"Prentiss","Mississippi",-0.000763650285297678,5.2257630648575,0,5.23110861685459,"2020-09-21",244,5.28392862909594,-0.00880787765660638,5.16140924588703,5.16945347325835,0.00304587813137111,0,0.00025221056376638,1,0,1
28117,"Prentiss","Mississippi",0.00609293583338016,5.27985210352163,0.00609293583338033,5.27985210352163,"2020-09-22",245,5.2868229871223,0.0054124803541401,5.27440845968771,5.27508891516695,0.00685658611867784,0.00609293583338033,0.0142203580107465,1,1,1
28117,"Prentiss","Mississippi",-0.00380373223924833,5.20677169477398,0,5.23339782044872,"2020-09-23",246,5.28898827125952,-0.00968691973616297,5.15970619479867,5.16558938229558,-0.00989666807262849,-0.00609293583338033,-0.0150994000903031,-1,-1,-1
28117,"Prentiss","Mississippi",0.00304414238123068,5.25775095949856,0.00304414238123041,5.25775095949856,"2020-09-24",247,5.29402244226516,0.00487231651474652,5.27237635256669,5.27054817843318,0.00684787462047901,0.00304414238123041,0.0145592362509095,1,1,1
28117,"Prentiss","Mississippi",0.00907721815111739,5.30905970803889,0.00907721815111806,5.30905970803889,"2020-09-25",248,5.29760282561017,0.00769659053665893,5.29801468712322,5.29939531473768,0.00603307576988671,0.00603307576988765,0.00282427402191241,1,1,1
28117,"Prentiss","Mississippi",0.0104869874952491,5.32941508094306,0.0104869874952485,5.32941508094305,"2020-09-26",249,5.29688777373844,0.00861993361895881,5.31447864993274,5.31634570380903,0.00140976934413171,0.00140976934413044,0.00092334308229988,1,1,1
28117,"Prentiss","Mississippi",0.0162605208717795,5.38609033545055,0.0162605208717794,5.38609033545055,"2020-09-27",250,5.29330482472449,0.011080023398663,5.34464635566562,5.34982685313874,0.0057735333765304,0.0057735333765309,0.00246008977970419,1,1,1
28117,"Prentiss","Mississippi",0.0116619397478399,5.36556220733082,0.0116619397478415,5.36556220733083,"2020-09-28",251,5.28320372873799,0.0102591253423266,5.35433969208671,5.35574250649223,-0.0045985811239396,-0.0045985811239379,-0.0008208980563364,-1,-1,-1
28117,"Prentiss","Mississippi",0.00289435802636782,5.30708349330688,0.00289435802636628,5.30708349330687,"2020-09-29",252,5.27957132372698,0.00409053119323206,5.3166528786418,5.31545670547492,-0.00876758172147208,-0.00876758172147522,-0.00616859414909454,-1,-1,-1
28117,"Prentiss","Mississippi",0.00216528413721276,5.30414526022001,0.00216528413721484,5.30414526022002,"2020-09-30",253,5.28029886104536,0.00318879876291105,5.31233337722559,5.3113098625999,-0.00072907388915506,-0.00072907388915144,-0.00090173243032101,-1,-1,-1
28117,"Prentiss","Mississippi",0.00503417100563784,5.32926163930462,0.00503417100563741,5.32926163930462,"2020-10-01",254,5.27006485359615,0.0063335015044514,5.33965628329513,5.33835695279632,0.00286888686842508,0.00286888686842257,0.00314470274154035,1,1,1
28117,"Prentiss","Mississippi",0.00358038334501432,5.32266550902527,0.00358038334501387,5.32266550902527,"2020-10-02",255,5.25376819663586,0.00473630047021659,5.33191284602689,5.33075692890169,-0.00145378766062352,-0.00145378766062354,-0.00159720103423481,-1,-1,-1
28117,"Prentiss","Mississippi",-0.00071505187172741,5.29188241063635,0,5.29688777373844,"2020-10-03",256,5.23415972524749,-0.00617175692178884,5.24822877023586,5.25368547528592,-0.00429543521674173,-0.00358038334501387,-0.0109080573920054,-1,-1,-1
28117,"Prentiss","Mississippi",-0.00358294901394984,5.26822418162684,0,5.29330482472449,"2020-10-04",257,5.21182533519459,-0.00806289897718982,5.23238458192092,5.23686453188416,-0.00286789714222243,0,-0.00189114205540098,-1,0,-1
28117,"Prentiss","Mississippi",-0.0101010959865064,5.21249605683244,0,5.28320372873799,"2020-10-05",258,5.19375018690961,-0.0105449653213528,5.20894510215367,5.20938897148852,-0.00651814697255656,0,-0.00248206634416298,-1,0,-1
28117,"Prentiss","Mississippi",-0.00363240501100771,5.25414448864993,0,5.27957132372698,"2020-10-06",259,5.17210605541002,-0.00735388585539655,5.22437264189482,5.2280941227392,0.00646869097549869,0,0.00319107946595625,1,0,1
28117,"Prentiss","Mississippi",0.000727537318376659,5.28539162227399,0.000727537318375937,5.28539162227399,"2020-10-07",260,5.14583196603984,0.00339895844422207,5.30676299128076,5.30409157015491,0.00435994232938437,0.000727537318375937,0.0107528442996186,1,1,1
28117,"Prentiss","Mississippi",-0.0102340074492078,5.1984268014517,0,5.27006485359615,"2020-10-08",261,5.11542421785513,-0.0101534351234204,5.199071380058,5.19899080773221,-0.0109615447675845,-0.000727537318375937,-0.0135523935676425,-1,-1,-1
28117,"Prentiss","Mississippi",-0.0162966569602908,5.13969159791382,0,5.25376819663586,"2020-10-09",262,5.08847778086019,-0.0130937185700499,5.16531510503575,5.16211216664551,-0.006062649511083,0,-0.0029402834466295,-1,0,-1
28117,"Prentiss","Mississippi",-0.0196084713883738,5.09690042552887,0,5.23415972524749,"2020-10-10",263,5.06078507778173,-0.0160057224716375,5.12572241686276,5.12211966794603,-0.003311814428083,0,-0.0029120039015876,-1,0,-1
28117,"Prentiss","Mississippi",-0.0223343900528915,5.05548460482435,0,5.21182533519459,"2020-10-11",264,5.03695260241363,-0.0188371026705337,5.08346290388322,5.07996561650085,-0.0027259186645177,0,-0.0028313801988962,-1,0,-1
28117,"Prentiss","Mississippi",-0.0180751482849871,5.0672241489147,0,5.19375018690961,"2020-10-12",265,5.01538589685486,-0.013938437060759,5.10031783870852,5.0961811274843,0.0042592417679044,0,0.0048986656097747,1,0,1
28117,"Prentiss","Mississippi",-0.0216441314995861,5.02059713491292,0,5.17210605541002,"2020-10-13",266,4.99140393216837,-0.0156468218737951,5.06857561191925,5.06257830229345,-0.003568983214599,0,-0.0017083848130361,-1,0,-1
28117,"Prentiss","Mississippi",-0.0262740893701766,4.96191334044861,0,5.14583196603984,"2020-10-14",267,4.96882074366325,-0.0195101656774994,5.01602472999002,5.00926080629734,-0.0046299578705905,0,-0.0038633438037043,-1,0,-1
28117,"Prentiss","Mississippi",-0.0304077481847145,4.90256998056213,0,5.11542421785513,"2020-10-15",268,4.97278506996516,-0.0238689540426986,4.95488033369825,4.94834153955624,-0.0041336588145379,0,-0.0043587883651992,-1,0,-1
28117,"Prentiss","Mississippi",-0.0269464369949393,4.89985272189561,0,5.08847778086019,"2020-10-16",269,4.98556165654414,-0.0214328472407452,4.94396143992917,4.93844785017497,0.0034613111897752,0,0.0024361068019534,1,0,1
28117,"Prentiss","Mississippi",-0.0276927030784631,4.86693615623249,0,5.06078507778173,"2020-10-17",270,4.99721227376411,-0.0234521499783598,4.90086058103331,4.89662002793321,-0.000746266083523801,0,-0.0020193027376146,-1,0,-1
28117,"Prentiss","Mississippi",-0.0238324753680994,4.87012527483693,0,5.03695260241363,"2020-10-18",271,5.00490461938727,-0.0205030371484421,4.89676078059419,4.89343134237454,0.0038602277103637,0,0.0029491128299177,1,0,1
28117,"Prentiss","Mississippi",-0.0215667055587714,4.86441895794346,0,5.01538589685486,"2020-10-19",272,5.01727983681492,-0.0187357644170742,4.88706648707704,4.88423554593534,0.002265769809328,0,0.0017672727313679,1,0,1
28117,"Prentiss","Mississippi",-0.0239819646864887,4.82353017936295,0,4.99140393216837,"2020-10-20",273,5.03230359357538,-0.0211281782042582,4.84636047122079,4.84350668473856,-0.0024152591277173,0,-0.002392413787184,-1,0,-1
28117,"Prentiss","Mississippi",-0.0225831885051168,4.81073842412743,0,4.96882074366325,"2020-10-21",274,5.04065631035112,-0.0185473782726799,4.84302490598693,4.83898909575449,0.0013987761813719,0,0.0025807999315783,1,0,1
28117,"Prentiss","Mississippi",0.00396432630190717,5.00053535407851,0.00396432630190535,5.00053535407849,"2020-10-22",275,5.03973166858389,0.0064335168248743,5.02028887826224,5.01781968773928,0.026547514807024,0.00396432630190535,0.0249808950975542,1,1,1
28117,"Prentiss","Mississippi",0.0127765865789826,5.07499776259702,0.0127765865789824,5.07499776259701,"2020-10-23",276,5.03602452810108,0.0129949671636056,5.076744807274,5.07652642668938,0.00881226027707543,0.00881226027707705,0.0065614503387313,1,1,1
28117,"Prentiss","Mississippi",0.011650617219975,5.07876659430394,0.0116506172199768,5.07876659430395,"2020-10-24",277,5.04802282616788,0.0123119185233047,5.08405700473058,5.08339570342724,-0.0011259693590076,-0.0011259693590056,-0.000683048640300899,-1,-1,-1
28117,"Prentiss","Mississippi",0.00769234562315593,5.05875103874936,0.00769234562315546,5.05875103874936,"2020-10-25",278,5.06440171825191,0.0101130071625672,5.07811633106465,5.07569566952524,-0.00395827159681907,-0.00395827159682134,-0.0021989113607375,-1,-1,-1
28117,"Prentiss","Mississippi",0.0123752174276545,5.10390635880851,0.0123752174276541,5.1039063588085,"2020-10-26",279,5.08229128300269,0.011983990493233,5.10077654333313,5.10116777026755,0.00468287180449857,0.00468287180449864,0.0018709833306658,1,1,1
28117,"Prentiss","Mississippi",0.0150237567604592,5.1374698908986,0.015023756760459,5.1374698908986,"2020-10-27",280,5.10334469220053,0.0135203123295243,5.12544233545111,5.12694577988205,0.0026485393328047,0.0026485393328049,0.0015363218362913,1,1,1
28117,"Prentiss","Mississippi",0.00835271677573413,5.09912532778126,0.00835271677573335,5.09912532778125,"2020-10-28",281,5.12905304891073,0.00933570197898547,5.10698920940726,5.10600622420402,-0.00667103998472507,-0.00667103998472565,-0.00418461035053883,-1,-1,-1
28117,"Prentiss","Mississippi",-0.00092464176722506,5.03325917621332,0,5.03973166858389,"2020-10-29",282,5.14832469686944,-0.00455041061271948,5.00425302544936,5.00787879429485,-0.00927735854295919,-0.00835271677573335,-0.0138861125917049,-1,-1,-1
28117,"Prentiss","Mississippi",-0.00370714048281609,5.01007454472136,0,5.03602452810108,"2020-10-30",283,5.1664172956556,-0.00599629989338274,4.99176126943683,4.9940504288474,-0.00278249871559103,0,-0.00144588928066326,-1,0,-1
28117,"Prentiss","Mississippi",0.0119982980668003,5.13201091263548,0.0119982980668016,5.13201091263549,"2020-10-31",284,5.17453422333718,0.0124410335079146,5.1355527961644,5.13511006072328,0.0157054385496164,0.0119982980668016,0.0184373334012973,1,1,1
28117,"Prentiss","Mississippi",0.0163788920840377,5.17905396284018,0.0163788920840364,5.17905396284017,"2020-11-01",285,5.1809806598435,0.0153862740902868,5.17111301889017,5.17210563688392,0.0043805940172374,0.0043805940172348,0.0029452405823722,1,1,1
28117,"Prentiss","Mississippi",0.0178895647507759,5.20751823625812,0.0178895647507762,5.20751823625812,"2020-11-02",286,5.1809806598435,0.0157128666821099,5.19010465170879,5.19228134977746,0.0015106726667382,0.0015106726667398,0.000326592591823098,1,1,1
28117,"Prentiss","Mississippi",0.021053409197836,5.25071855658538,0.0210534091978358,5.25071855658538,"2020-11-03",287,5.17129535410903,0.0206393323786974,5.24740594203227,5.24782001885141,0.0031638444470601,0.0031638444470596,0.0049264656965875,1,1,1
28117,"Prentiss","Mississippi",0.0257083567102049,5.30901154588217,0.0257083567102052,5.30901154588217,"2020-11-04",288,5.16396931401696,0.0253814141680615,5.30639600554502,5.30672294808716,0.0046549475123689,0.0046549475123694,0.0047420817893641,1,1,1
28117,"Prentiss","Mississippi",0.0192716479587092,5.28322623258041,0.0192716479587096,5.28322623258041,"2020-11-05",289,5.17534230418923,0.0178706121351861,5.27201794599222,5.27341898181574,-0.0064367087514957,-0.0064367087514956,-0.0075108020328754,-1,-1,-1
28117,"Prentiss","Mississippi",0.018092598786157,5.2930654871587,0.0180925987861551,5.29306548715868,"2020-11-06",290,5.17129535410903,0.0178932703921786,5.29147086000687,5.29167018840085,-0.0011790491725522,-0.0011790491725545,2.2658256992502e-05,-1,-1,1
28117,"Prentiss","Mississippi",0.00811692768157904,5.23135271710823,0.00811692768157979,5.23135271710823,"2020-11-07",291,5.1664172956556,0.00880408521540123,5.23684997737881,5.23616281984499,-0.00997567110457796,-0.00997567110457531,-0.00908918517677737,-1,-1,-1
28117,"Prentiss","Mississippi",0.00644643650631912,5.22610571538773,0.00644643650631949,5.22610571538773,"2020-11-08",292,5.16723195965177,0.00744848158237272,5.23412207599616,5.23312003092011,-0.00167049117525992,-0.0016704911752603,-0.00135560363302851,-1,-1,-1
28117,"Prentiss","Mississippi",1.25607396694691e-15,5.1809806598435,0,5.1809806598435,"2020-11-09",293,5.17129535410903,0.00591972492437858,5.22833845923853,5.22241873431415,-0.00644643650631786,-0.00644643650631949,-0.00152875665799414,-1,-1,-1
28117,"Prentiss","Mississippi",-0.00968530573446716,5.10349821396776,0,5.17129535410903,"2020-11-10",294,5.19295685089021,-0.00864832183454774,5.11179408516712,5.1107571012672,-0.00968530573446842,0,-0.0145680467589263,-1,0,-1
28117,"Prentiss","Mississippi",-0.00732604009206911,5.11268703337247,0,5.16396931401696,"2020-11-11",295,5.22189903526113,-0.00774851863442296,5.10930720503365,5.109729683576,0.00235926564239805,0,0.000899803200124781,1,0,1
28117,"Prentiss","Mississippi",0.0113729901722703,5.25495323539512,0.0113729901722701,5.25495323539512,"2020-11-12",296,5.24551918098107,0.0104515001163293,5.24758131494759,5.24850280500354,0.0186990302643394,0.0113729901722701,0.0182000187507523,1,1,1
28117,"Prentiss","Mississippi",-0.00404695008019775,5.14296670354765,0,5.17129535410903,"2020-11-13",297,5.28970899201143,-0.00707808425830127,5.11871763012282,5.12174876430092,-0.015419940252468,-0.0113729901722701,-0.0175295843746306,-1,-1,-1
28117,"Prentiss","Mississippi",-0.00487805845343399,5.13227088648156,0,5.1664172956556,"2020-11-14",298,5.33202842389035,-0.00740218649556188,5.11207786214453,5.11460199018667,-0.00083110837323624,0,-0.00032410223726061,-1,0,-1
28117,"Prentiss","Mississippi",0.000814663996176041,5.17293460762501,0.000814663996176357,5.17293460762501,"2020-11-15",299,5.37593956473304,0.00420839049369074,5.20008441960513,5.19669069310761,0.00569272244961003,0.000814663996176357,0.0116105769892526,1,1,1
28117,"Prentiss","Mississippi",0.00406339445725656,5.19973911530983,0.00406339445725745,5.19973911530983,"2020-11-16",300,5.41673512136251,0.00747673818128743,5.22704586510207,5.22363252137804,0.00324873046108052,0.00324873046108109,0.00326834768759669,1,1,1
28117,"Prentiss","Mississippi",0.0216614967811812,5.34458732835848,0.0216614967811806,5.34458732835847,"2020-11-17",301,5.44241771052179,0.0207397801880078,5.33721359561309,5.33813531220626,0.0175981023239246,0.0175981023239231,0.0132630420067204,1,1,1
28117,"Prentiss","Mississippi",0.0289421843709189,5.42449432585756,0.0289421843709183,5.42449432585756,"2020-11-18",302,5.46866273229528,0.0273071310757955,5.41141389949657,5.4130489527917,0.0072806875897377,0.0072806875897377,0.0065673508877877,1,1,1
28117,"Prentiss","Mississippi",0.0236201457199376,5.41086020102063,0.0236201457199385,5.41086020102064,"2020-11-19",303,5.49011766729653,0.0224184190187841,5.4012463874114,5.40244811411256,-0.0053220386509813,-0.0053220386509798,-0.0048887120570114,-1,-1,-1
28117,"Prentiss","Mississippi",0.0441898110303649,5.59903766922399,0.0441898110303676,5.59903766922401,"2020-11-20",304,5.50649230216832,0.038912613594376,5.55682008973608,5.56209728717206,0.0205696653104273,0.0205696653104291,0.0164941945755919,1,1,1
28117,"Prentiss","Mississippi",0.0423194318789168,5.62826444704277,0.042319431878914,5.62826444704275,"2020-11-21",305,5.53056223210859,0.0393579736433236,5.60457278115802,5.60753423939361,-0.0018703791514481,-0.0018703791514536,0.000445360048947602,-1,-1,1
28117,"Prentiss","Mississippi",0.0439111408426954,5.68331755063191,0.0439111408426935,5.6833175506319,"2020-11-22",306,5.54852006597625,0.0404756426135447,5.65583356479871,5.65926906302785,0.0015917089637786,0.0015917089637795,0.0011176689702211,1,1,1
28117,"Prentiss","Mississippi",0.0407955566294714,5.70230401776881,0.040795556629468,5.70230401776879,"2020-11-23",307,5.5683445037611,0.0389545340731143,5.68757583731795,5.68941685987431,-0.003115584213224,-0.0031155842132255,-0.0015211085404304,-1,-1,-1
28117,"Prentiss","Mississippi",0.0256825891592835,5.62219583463678,0.0256825891592829,5.62219583463677,"2020-11-24",308,5.5915198875312,0.024763850164371,5.61484592267748,5.61576466167239,-0.0151129674701879,-0.0151129674701851,-0.0141906839087433,-1,-1,-1
28117,"Prentiss","Mississippi",0.0262450217734832,5.65237788470966,0.026245021773482,5.65237788470965,"2020-11-25",309,5.61104042295758,0.0262320832062497,5.65227437617179,5.65228731473903,0.000562432614199703,0.000562432614199099,0.0014682330418787,1,1,1
28117,"Prentiss","Mississippi",0.0214549350012581,5.64030221230534,0.0214549350012589,5.64030221230535,"2020-11-26",310,5.63631904522115,0.0214668893246387,5.64039784689239,5.640385892569,-0.0047900867722251,-0.0047900867722231,-0.004765193881611,-1,-1,-1
28117,"Prentiss","Mississippi",0.0163746348717917,5.62111474627087,0.0163746348717897,5.62111474627085,"2020-11-27",311,5.6469601387895,0.0173818067833952,5.62917212156369,5.62816494965209,-0.0050803001294664,-0.0050803001294692,-0.0040850825412435,-1,-1,-1
28117,"Prentiss","Mississippi",0.0240699299402669,5.69905174169046,0.0240699299402669,5.69905174169046,"2020-11-28",312,5.65948221575962,0.0244492850815483,5.70208658282071,5.70170722767943,0.0076952950684752,0.0076952950684772,0.0070674782981531,1,1,1
28117,"Prentiss","Mississippi",0.0179578338676622,5.67422490304989,0.017957833867662,5.67422490304989,"2020-11-29",313,5.67675380226828,0.0189833429980332,5.68242897609286,5.68140346696248,-0.0061120960726047,-0.0061120960726049,-0.0054659420835151,-1,-1,-1
28117,"Prentiss","Mississippi",0.019824437784842,5.70711556825499,0.0198244377848438,5.707115568255,"2020-11-30",314,5.6937321388027,0.0204952722248481,5.71248224377504,5.71181140933504,0.0018666039171798,0.0018666039171818,0.0015119292268149,1,1,1
28117,"Prentiss","Mississippi",0.023175383770097,5.75374757392187,0.0231753837700985,5.75374757392188,"2020-12-01",315,5.71373280550937,0.0235296324653395,5.75658156348382,5.75622731478858,0.003350945985255,0.0033509459852547,0.0030343602404914,1,1,1
28117,"Prentiss","Mississippi",0.0195205354263902,5.74768417094232,0.0195205354263894,5.74768417094231,"2020-12-02",316,5.73472727850562,0.0204843925046521,5.75539502756842,5.75443117049014,-0.0036548483437068,-0.0036548483437091,-0.0030452399606874,-1,-1,-1
28117,"Prentiss","Mississippi",0.0252786222635612,5.81326940106607,0.0252786222635617,5.81326940106608,"2020-12-03",317,5.74711559936257,0.0249889726821713,5.81095220441495,5.81124185399635,0.005758086837171,0.0057580868371723,0.0045045801775192,1,1,1
28117,"Prentiss","Mississippi",0.0106410935683579,5.72144779376801,0.0106410935683572,5.721447793768,"2020-12-04",318,5.77188606195827,0.0120669640622735,5.73285475771934,5.73142888722541,-0.0146375286952033,-0.0146375286952045,-0.0129220086198978,-1,-1,-1
28117,"Prentiss","Mississippi",0.0125220769701173,5.74713675455044,0.012522076970118,5.74713675455045,"2020-12-05",319,5.78821115427299,0.0142063281155025,5.76061076371352,5.75892651256814,0.0018809834017594,0.0018809834017608,0.002139364053229,1,1,1
28117,"Prentiss","Mississippi",0.017271586508662,5.79765490782892,0.0172715865086603,5.7976549078289,"2020-12-06",320,5.80298118820022,0.0172956765889042,5.79784762847085,5.79782353839061,0.0047495095385447,0.0047495095385423,0.0030893484734017,1,1,1
28117,"Prentiss","Mississippi",0.0169783365344192,5.81258049454363,0.016978336534418,5.81258049454363,"2020-12-07",321,5.80942866379119,0.0167428718904139,5.81069677739159,5.8109322420356,-0.0002932499742428,-0.0002932499742423,-0.000552804698490301,-1,-1,-1
28117,"Prentiss","Mississippi",0.0200006667066694,5.85373747245605,0.020000666706669,5.85373747245605,"2020-12-08",322,5.81498304679571,0.0198868577142351,5.85282700051658,5.85294080950901,0.0030223301722502,0.003022330172251,0.0031439858238212,1,1,1
28117,"Prentiss","Mississippi",0.0209944729962514,5.88168858947938,0.0209944729962528,5.88168858947939,"2020-12-09",323,5.82515693701009,0.0214338862354532,5.885203895393,5.88476448215379,0.000993806289582001,0.000993806289583798,0.0015470285212181,1,1,1
28117,"Prentiss","Mississippi",0.0123883208569525,5.83383384536124,0.0123883208569522,5.83383384536124,"2020-12-10",324,5.8348107370626,0.0130827446713322,5.83938923587628,5.8386948120619,-0.0086061521392989,-0.0086061521393006,-0.008351141564121,-1,-1,-1
28117,"Prentiss","Mississippi",0.0247704625956954,5.94527930012814,0.0247704625956944,5.94527930012813,"2020-12-11",325,5.84313025260216,0.0240969855660095,5.93989148389065,5.94056496092034,0.0123821417387429,0.0123821417387422,0.0110142408946773,1,1,1
28117,"Prentiss","Mississippi",0.0163250923147228,5.90248680047605,0.0163250923147222,5.90248680047605,"2020-12-12",326,5.86078622346587,0.0167461304146753,5.90585510527567,5.90543406717572,-0.0084453702809726,-0.0084453702809722,-0.0073508551513342,-1,-1,-1
28117,"Prentiss","Mississippi",0.0147700339272275,5.90637142569081,0.0147700339272268,5.9063714256908,"2020-12-13",327,5.87292229474809,0.0153278235606189,5.91083374275794,5.91027595312455,-0.0015550583874953,-0.0015550583874954,-0.0014183068540564,-1,-1,-1
28117,"Prentiss","Mississippi",0.00644747559097174,5.85456099292799,0.00644747559096981,5.85456099292798,"2020-12-14",328,5.89400921095727,0.00874916958530933,5.87297454488269,5.87067285088836,-0.00832255833625576,-0.00832255833625699,-0.00657865397530957,-1,-1,-1
28117,"Prentiss","Mississippi",0.00555438300452202,5.85386372782736,0.00555438300452238,5.85386372782737,"2020-12-15",329,5.91157063788722,0.0104981450874318,5.89341382449064,5.88847006240773,-0.000893092586449719,-0.00089309258644743,0.00174897550212247,-1,-1,1
28117,"Prentiss","Mississippi",0.0101738902143852,5.89637416851079,0.010173890214384,5.89637416851078,"2020-12-16",330,5.92578251526833,0.0114502887178168,5.90658535653824,5.90530895803481,0.00461950720986318,0.00461950720986162,0.000952143630385,1,1,1
28117,"Prentiss","Mississippi",0.00965380005251129,5.90238733743018,0.00965380005251149,5.90238733743019,"2020-12-17",331,5.94429806405465,0.0124452793642091,5.92471917192376,5.92192769261206,-0.000520090161873911,-0.000520090161872509,0.0009949906463923,-1,-1,1
28117,"Prentiss","Mississippi",0.00831951553956013,5.90136686137908,0.00831951553955879,5.90136686137908,"2020-12-18",332,5.96247701023473,0.0108865459474602,5.92190310464228,5.91933607423438,-0.00133428451295116,-0.0013342845129527,-0.0015587334167489,-1,-1,-1
28117,"Prentiss","Mississippi",0.0176559708637019,5.98437801951178,0.0176559708637019,5.98437801951178,"2020-12-19",333,5.97707580965588,0.0180511854474901,5.98753973618208,5.9871445215983,0.00933645532414177,0.00933645532414311,0.0071646395000299,1,1,1
28117,"Prentiss","Mississippi",0.0121360712822244,5.95787479372366,0.0121360712822254,5.95787479372367,"2020-12-20",334,5.99787254340331,0.0122762632621602,5.95899632956315,5.95885613758321,-0.0055198995814775,-0.0055198995814765,-0.0057749221853299,-1,-1,-1
28117,"Prentiss","Mississippi",0.0210869162091768,6.04161762442151,0.0210869162091782,6.04161762442152,"2020-12-21",335,6.00846212347655,0.0202693923441667,6.03507743350142,6.03589495736644,0.0089508449269524,0.0089508449269528,0.0079931290820065,1,1,1
28117,"Prentiss","Mississippi",0.0175614269299473,6.03450062639685,0.0175614269299462,6.03450062639684,"2020-12-22",336,6.01998258602922,0.0178755582758962,6.03701367716444,6.03669954581849,-0.0035254892792295,-0.003525489279232,-0.0023938340682705,-1,-1,-1
28117,"Prentiss","Mississippi",0.0142118773811183,6.02526565693616,0.0142118773811175,6.02526565693616,"2020-12-23",337,6.03102860790412,0.0139687783784044,6.02332086491445,6.02356396391716,-0.003349549548829,-0.0033495495488287,-0.0039067798974918,-1,-1,-1
28117,"Prentiss","Mississippi",0.0185155487863144,6.07390690555885,0.0185155487863158,6.07390690555886,"2020-12-24",338,6.03342874620701,0.0187119001333175,6.07547771633487,6.07528136498787,0.0043036714051961,0.0043036714051983,0.0047431217549131,1,1,1
28117,"Prentiss","Mississippi",0.0181789461800818,6.0897296334953,0.0181789461800825,6.08972963349531,"2020-12-25",339,6.03479767181436,0.0185262410559869,6.09250799250255,6.09216069762664,-0.000336602606232597,-0.000336602606233301,-0.000185659077330598,-1,-1,-1
28117,"Prentiss","Mississippi",0.0145987994211524,6.07926740560395,0.0145987994211509,6.07926740560394,"2020-12-26",340,6.02758981496932,0.0148525454839609,6.08129737410642,6.08104362804361,-0.0035801467589294,-0.0035801467589316,-0.003673695572026,-1,-1,-1
28117,"Prentiss","Mississippi",0.020796733747433,6.14344967963534,0.0207967337474315,6.14344967963533,"2020-12-27",341,6.01859321449623,0.0198499421801561,6.13587534709713,6.1368221386644,0.0061979343262806,0.0061979343262806,0.0049973966961952,1,1,1
28117,"Prentiss","Mississippi",0.0105895800732388,6.08258918398923,0.0105895800732396,6.08258918398923,"2020-12-28",342,6.01650553106575,0.0116896820673237,6.0913899999419,6.09028989794782,-0.0102071536741942,-0.0102071536741919,-0.0081602601128324,-1,-1,-1
28117,"Prentiss","Mississippi",0.0115204625526625,6.10062582389785,0.0115204625526628,6.10062582389786,"2020-12-29",343,6.0154600526642,0.0120959008696203,6.10522933043351,6.10465389211656,0.0009308824794237,0.0009308824794232,0.000406218802296601,1,1,1
28117,"Prentiss","Mississippi",0.011046021874904,6.10835076102845,0.0110460218749049,6.10835076102846,"2020-12-30",344,6.0147624593328,0.0112755457592309,6.11018695210307,6.10995742821874,-0.0004744406777585,-0.0004744406777579,-0.000820355110389401,-1,-1,-1
28117,"Prentiss","Mississippi",0.00240013830289351,6.05022971432727,0.00240013830289332,6.05022971432727,"2020-12-31",345,6.02240935095741,0.00631974676501936,6.08158658202427,6.07766697356215,-0.00864588357201049,-0.00864588357201158,-0.00495579899421154,-1,-1,-1
28117,"Prentiss","Mississippi",0.00136892560734247,6.04438015106575,0.00136892560734214,6.04438015106575,"2021-01-01",346,6.03137183769984,0.00568038398054989,6.07887181805141,6.07456035967821,-0.00103121269555104,-0.00103121269555118,-0.00063936278446947,-1,-1,-1
28117,"Prentiss","Mississippi",-0.00720785684503984,5.97713481705404,0,6.02758981496932,"2021-01-02",347,6.04602037079716,-0.00660581859184906,5.98195112307957,5.98134908482638,-0.00857678245238231,-0.00136892560734214,-0.012286202572399,-1,-1,-1
28117,"Prentiss","Mississippi",-0.00899660047308302,5.95561701118465,0,6.01859321449623,"2021-01-03",348,6.0591231955818,-0.00873706079090824,5.95769332864205,5.95743378895987,-0.00178874362804318,0,-0.00213124219905918,-1,0,-1
28117,"Prentiss","Mississippi",-0.00208768343048454,6.00189174705236,0,6.01650553106575,"2021-01-04",349,6.07436032376393,-0.00346351789603784,5.99088507132793,5.99226090579349,0.00690891704259848,0,0.0052735428948704,1,0,1
28117,"Prentiss","Mississippi",-0.00104547840155037,6.00814170385335,0,6.0154600526642,"2021-01-05",350,6.09098662362976,-0.00428340843824006,5.98223826355983,5.98547619359652,0.00104220502893417,0,-0.00081989054220222,1,0,-1
28117,"Prentiss","Mississippi",-0.000697593331396227,6.00987930601303,0,6.0147624593328,"2021-01-06",351,6.10574940778664,-0.00370389047710758,5.98582892884734,5.98883522599305,0.000347885070154143,0,0.00057951796113248,1,0,1
28117,"Prentiss","Mississippi",0.0076468916246015,6.07593759232962,0.00764689162460197,6.07593759232962,"2021-01-07",352,6.12437074433859,0.00689889689674434,6.06995363450676,6.07070162923462,0.00834448495599773,0.00764689162460197,0.0106027873738519,1,1,1
28117,"Prentiss","Mississippi",0.00896248674242995,6.09410924489685,0.00896248674243072,6.09410924489685,"2021-01-08",353,6.13957662304753,0.00828149236206104,6.0886612898539,6.08934228423427,0.00131559511782845,0.00131559511782875,0.0013825954653167,1,1,1
28117,"Prentiss","Mississippi",0.0146485330973264,6.14856010247845,0.0146485330973274,6.14856010247845,"2021-01-09",354,6.15303659988803,0.0119610497290368,6.12706023553213,6.12974771890042,0.00568604635489645,0.00568604635489668,0.00367955736697576,1,1,1
28117,"Prentiss","Mississippi",0.0131028247846322,6.15084296907422,0.0131028247846334,6.15084296907423,"2021-01-10",355,6.16571792925243,0.011619663225351,6.13897767659997,6.14046083815926,-0.0015457083126942,-0.001545708312694,-0.000341386503685799,-1,-1,-1
28117,"Prentiss","Mississippi",0.0152371281821279,6.18102022103882,0.0152371281821289,6.18102022103883,"2021-01-11",356,6.16781593691543,0.01418225151108,6.17258120767044,6.17363608434149,0.0021343033974957,0.0021343033974955,0.002562588285729,1,1,1
28117,"Prentiss","Mississippi",0.0166262998658306,6.20737072269057,0.0166262998658313,6.20737072269058,"2021-01-12",357,6.17050692373889,0.0151441807725313,6.19551376994418,6.19699588903748,0.0013891716837027,0.0013891716837024,0.0009619292614513,1,1,1
28117,"Prentiss","Mississippi",0.0147627841568821,6.20908889688481,0.0147627841568827,6.20908889688482,"2021-01-13",358,6.16990955215601,0.0128628874194989,6.19388972298575,6.19578961972313,-0.0018635157089485,-0.0018635157089486,-0.0022812933530324,-1,-1,-1
28117,"Prentiss","Mississippi",0.0186213365519461,6.25472010020221,0.0186213365519468,6.25472010020221,"2021-01-14",359,6.16030275356465,0.0169075716416481,6.24100998091982,6.24272374583013,0.003858552395064,0.0038585523950641,0.0040446842221492,1,1,1
28117,"Prentiss","Mississippi",0.0152058787089439,6.24601777401014,0.0152058787089464,6.24601777401016,"2021-01-15",360,6.1527326947041,0.0136602660642271,6.23365287285241,6.23519848549712,-0.0034154578430022,-0.0034154578430004,-0.003247305577421,-1,-1,-1
28117,"Prentiss","Mississippi",0.0134599768404933,6.24725643777148,0.0134599768404939,6.24725643777148,"2021-01-16",361,6.1454111244751,0.0127430086202958,6.2415206920099,6.2422376602301,-0.0017459018684506,-0.0017459018684525,-0.000917257443931301,-1,-1,-1
28117,"Prentiss","Mississippi",0.0126813293644,6.25448723480323,0.0126813293643995,6.25448723480322,"2021-01-17",362,6.13926859901922,0.0128953175677399,6.25619914042995,6.25598515222661,-0.000778647476093301,-0.0007786474760944,0.000152308947444101,-1,-1,1
28117,"Prentiss","Mississippi",0.00209800766300829,6.18250199055649,0.00209800766300638,6.18250199055648,"2021-01-18",363,6.13587405787969,0.00503410491132826,6.20599076854306,6.20305467129473,-0.0105833217013917,-0.0105833217013931,-0.00786121265641164,-1,-1,-1
28117,"Prentiss","Mississippi",0.00269098682345767,6.18934383150309,0.00269098682345792,6.1893438315031,"2021-01-19",364,6.12593300055385,0.00541739936712061,6.21115513185239,6.20842871930873,0.00059297916044938,0.00059297916045154,0.00038329445579235,1,1,1
28117,"Prentiss","Mississippi",-0.000597371582875357,6.16572795107589,0,6.16990955215601,"2021-01-20",365,6.11746767331171,-0.00371195894436544,6.14081125218397,6.14392583954545,-0.00328835840633303,-0.00269098682345792,-0.00912935831148605,-1,-1,-1
28117,"Prentiss","Mississippi",-0.00960679859136578,6.09305516342509,0,6.16030275356465,"2021-01-21",366,6.10765902007923,-0.00881672268344267,6.09937577068847,6.09858569478055,-0.00900942700849042,0,-0.00510476373907723,-1,0,-1
28117,"Prentiss","Mississippi",-0.00757005886054795,6.09974228268027,0,6.1527326947041,"2021-01-22",367,6.090663260652,-0.00697403249216753,6.10451049362731,6.10391446725893,0.00203673973081783,0,0.00184269019127514,1,0,1
28117,"Prentiss","Mississippi",-0.00732157022900507,6.09416013287206,0,6.1454111244751,"2021-01-23",368,6.06974746550203,-0.00735581558833169,6.09388616999745,6.09392041535678,0.00024848863154288,0,-0.00038178309616416,1,0,-1
28117,"Prentiss","Mississippi",-0.00614252545587182,6.09627092082812,0,6.13926859901922,"2021-01-24",369,6.04466673268861,-0.00547849329198488,6.10158317813922,6.10091914597533,0.00117904477313325,0,0.00187732229634681,1,0,1
28117,"Prentiss","Mississippi",-0.00339454113953518,6.11211226990294,0,6.13587405787969,"2021-01-25",370,6.01754991758366,-0.0050965093919224,6.09849652388384,6.10019849213623,0.00274798431633664,0,0.00038198390006248,1,0,1
28117,"Prentiss","Mississippi",-0.00994105732584074,6.05634559927296,0,6.12593300055385,"2021-01-26",371,5.98752823857217,-0.0089899202999874,6.06395469547979,6.06300355845394,-0.00654651618630556,0,-0.003893410908065,-1,0,-1
28117,"Prentiss","Mississippi",-0.00846532724213469,6.05821038261677,0,6.11746767331171,"2021-01-27",372,5.95175800167159,-0.00783846315527298,6.06322529531167,6.0625984312248,0.00147573008370605,0,0.00115145714471442,1,0,1
28117,"Prentiss","Mississippi",-0.00980865323248415,6.03899844745184,0,6.10765902007923,"2021-01-28",373,5.91466063648335,-0.00932834328370553,6.04284092704207,6.04236061709329,-0.00134332599034946,0,-0.00148988012843255,-1,0,-1
28117,"Prentiss","Mississippi",-0.0169957594272292,5.9716929446614,0,6.090663260652,"2021-01-29",374,5.87010369010371,-0.0160321851008161,5.9794015392727,5.97843796494629,-0.00718710619474505,0,-0.00670384181711057,-1,0,-1
28117,"Prentiss","Mississippi",-0.0209157951499748,5.9233368994522,0,6.06974746550203,"2021-01-30",375,5.8264214261143,-0.0197471972467531,5.93268568267797,5.93151708477476,-0.0039200357227456,0,-0.003715012145937,-1,0,-1
28117,"Prentiss","Mississippi",-0.0250807328134211,5.86910160299466,0,6.04466673268861,"2021-01-31",376,5.77499510288146,-0.0232213327518258,5.88397680348742,5.88211740342583,-0.0041649376634463,0,-0.0034741355050727,-1,0,-1
28117,"Prentiss","Mississippi",-0.0271168151049464,5.82773221184903,0,6.01754991758366,"2021-02-01",377,5.72451837313538,-0.0245902439547362,5.84794478105072,5.84541820990051,-0.0020360822915253,0,-0.0013689112029104,-1,0,-1
28117,"Prentiss","Mississippi",-0.0300216790114831,5.77737648549179,0,5.98752823857217,"2021-02-02",378,5.6757748496693,-0.0268728144241065,5.80256740219081,5.79941853760342,-0.0029048639065367,0,-0.0022825704693703,-1,0,-1
28117,"Prentiss","Mississippi",-0.0357702369005778,5.70136634336755,0,5.95175800167159,"2021-02-03",379,5.6235016433954,-0.0303569351912509,5.74467275704216,5.73925945533283,-0.0057485578890947,0,-0.0034841207671444,-1,0,-1
28117,"Prentiss","Mississippi",-0.0370973651882374,5.65497908016569,0,5.91466063648335,"2021-02-04",380,5.57161070154772,-0.0323135150882664,5.69324988096546,5.68846603086549,-0.0013271282876596,0,-0.0019565798970155,-1,0,-1
28117,"Prentiss","Mississippi",-0.0445569463796421,5.55820506544622,0,5.87010369010371,"2021-02-05",381,5.52942908751142,-0.0387229845838402,5.60487675981263,5.59904279801683,-0.0074595811914047,0,-0.0064094694955738,-1,0,-1
28117,"Prentiss","Mississippi",-0.0436822639894099,5.52064557818843,0,5.8264214261143,"2021-02-06",382,5.4788516127679,-0.0378429427859816,5.56736014781586,5.56152082661243,0.000874682390232202,0,0.000880041797858604,1,0,1
28117,"Prentiss","Mississippi",-0.0514263232328275,5.41501084025167,0,5.77499510288146,"2021-02-07",383,5.43059797727091,-0.0435091551866472,5.47834818462112,5.47043101657493,-0.0077440592434176,0,-0.0056662124006656,-1,0,-1
28117,"Prentiss","Mississippi",-0.0504767297460902,5.37118126491275,0,5.72451837313538,"2021-02-08",384,5.38580482067115,-0.0424758585138886,5.43518823477035,5.42718736353816,0.000949593486737302,0,0.0010332966727586,1,0,1
28117,"Prentiss","Mississippi",-0.0487435234660841,5.33457018540671,0,5.6757748496693,"2021-02-09",385,5.33753807970132,-0.0429995899138588,5.38052165382451,5.37477772027229,0.0017332062800061,0,-0.000523731399970202,1,0,-1
28117,"Prentiss","Mississippi",-0.0522732062739045,5.25758919947807,0,5.6235016433954,"2021-02-10",386,5.29473954520015,-0.0467196754747789,5.30201744587107,5.29646391507195,-0.0035296828078204,0,-0.0037200855609201,-1,0,-1
28117,"Prentiss","Mississippi",-0.051890941847685,5.20837410861392,0,5.57161070154772,"2021-02-11",387,5.24250258744164,-0.0474685549796995,5.2437532035578,5.23933081668982,0.000382264426219497,0,-0.000748879504920599,1,0,-1
28117,"Prentiss","Mississippi",-0.0421816140362951,5.23415778925736,0,5.52942908751142,"2021-02-12",388,5.19136828820507,-0.0399933743370535,5.25166370685129,5.24947546715205,0.0097093278113899,0,0.007475180642646,1,0,1
28117,"Prentiss","Mississippi",-0.0505774747435202,5.12480928956326,0,5.4788516127679,"2021-02-13",389,5.14583196603984,-0.0474043588680609,5.15019421656693,5.14702110069147,-0.0083958607072251,0,-0.0074109845310074,-1,0,-1
28117,"Prentiss","Mississippi",-0.0482536354969868,5.092822528792,0,5.43059797727091,"2021-02-14",390,5.10160707230198,-0.0463658848508929,5.10792453396076,5.10603678331466,0.0023238392465334,0,0.001038474017168,1,0,1
28117,"Prentiss","Mississippi",-0.0447931565997494,5.07225272447291,0,5.38580482067115,"2021-02-15",391,5.04985600724954,-0.0430349681485788,5.08631823208228,5.0845600436311,0.00346047889723741,0,0.0033309167023141,1,0,1
28117,"Prentiss","Mississippi",-0.0482667409698373,4.99967089291246,0,5.33753807970132,"2021-02-16",392,4.99043258677874,-0.0457583907976939,5.0197376942896,5.01722934411746,-0.00347358437008791,0,-0.0027234226491151,-1,0,-1
28117,"Prentiss","Mississippi",-0.0427985345011705,4.99514980369196,0,5.29473954520015,"2021-02-17",393,4.92621795228367,-0.0427080008680888,4.99587407275661,4.99578353912353,0.0054682064686668,0,0.0030503899296051,1,0,1
28117,"Prentiss","Mississippi",-0.0522369577585066,4.87684388313209,0,5.24250258744164,"2021-02-18",394,4.85425991924688,-0.0486729084036497,4.90535627797095,4.90179222861609,-0.0094384232573361,0,-0.0059649075355609,-1,0,-1
28117,"Prentiss","Mississippi",-0.0511342992365596,4.83342819354916,0,5.19136828820507,"2021-02-19",395,4.77671964580014,-0.0479500410943927,4.8589022586865,4.85571800054432,0.001102658521947,0,0.000722867309256997,1,0,1
28117,"Prentiss","Mississippi",-0.0455363221652354,4.82707771088319,0,5.14583196603984,"2021-02-20",396,4.69527202068527,-0.0436089771775508,4.84249647078466,4.84056912579698,0.0055979770713242,0,0.0043410639168419,1,0,1
28117,"Prentiss","Mississippi",-0.0442248937378526,4.79203281613701,0,5.10160707230198,"2021-02-21",397,4.60944674275535,-0.0427198513173235,4.80407315550125,4.80256811308072,0.0013114284273828,0,0.000889125860227304,1,0,1
28117,"Prentiss","Mississippi",-0.0517510650524349,4.68759855188249,0,5.04985600724954,"2021-02-22",398,4.52488935472729,-0.048729169754323,4.7117737142674,4.70875181896928,-0.0075261713145823,0,-0.00600931843699951,-1,0,-1
28117,"Prentiss","Mississippi",-0.0594234204708009,4.57446864348313,0,4.99043258677874,"2021-02-23",399,4.44768060489532,-0.0544743458186471,4.61406124070036,4.60911216604821,-0.007672355418366,0,-0.0057451760643241,-1,0,-1
28117,"Prentiss","Mississippi",-0.0642146344950722,4.47671551081817,0,4.92621795228367,"2021-02-24",400,4.378448813326,-0.0586941279854936,4.52087956289479,4.51535905638521,-0.0047912140242713,0,-0.0042197821668465,-1,0,-1
28117,"Prentiss","Mississippi",-0.0719580330367952,4.35055368798932,0,4.85425991924688,"2021-02-25",401,4.34750912979117,-0.06279567872572,4.42385252247791,4.41469016816684,-0.007743398541723,0,-0.0041015507402264,-1,0,-1
28117,"Prentiss","Mississippi",-0.0775402734467392,4.23393773167296,0,4.77671964580014,"2021-02-26",402,4.32129039948605,-0.0689278643110965,4.30283700475811,4.29422459562246,-0.005582240409944,0,-0.0061321855853765,-1,0,-1
28117,"Prentiss","Mississippi",-0.0814476251148561,4.12513864488128,0,4.69527202068527,"2021-02-27",403,4.30599373411057,-0.0713048559484935,4.20628079821219,4.19613802904582,-0.00390735166811691,0,-0.00237699163739701,-1,0,-1
28117,"Prentiss","Mississippi",-0.0858252779299334,4.00866979724581,0,4.60944674275535,"2021-02-28",404,4.29631311639985,-0.0721999705675506,4.11767225614487,4.1040469487825,-0.00437765281507729,0,-0.0008951146190571,-1,0,-1
28117,"Prentiss","Mississippi",-0.0845573880280503,3.93298763853094,0,4.52488935472729,"2021-03-01",405,4.28850057666306,-0.0733680852163412,4.02250206102462,4.0113127582129,0.0012678899018831,0,-0.00116811464879059,1,0,-1
28117,"Prentiss","Mississippi",-0.0772087498319761,3.90721935607148,0,4.44768060489532,"2021-03-02",406,4.26869794936688,-0.071159116966999,3.9556164189913,3.94956678612633,0.00734863819607419,0,0.00220896824934219,1,0,1
28117,"Prentiss","Mississippi",-0.0692317915693087,3.89382627234084,0,4.378448813326,"2021-03-03",407,4.24645234041956,-0.0663905562297467,3.91655615505735,3.91371491971777,0.00797695826266741,0,0.00476856073725231,1,0,1
28117,"Prentiss","Mississippi",-0.0309396835348299,4.13093134504736,0,4.34750912979117,"2021-03-04",408,4.22370058343614,-0.0356546255235538,4.09321180913757,4.09792675112629,0.0382921080344788,0,0.0307359307061929,1,0,1
28117,"Prentiss","Mississippi",-0.0262187303051187,4.13775928735022,0,4.32129039948605,"2021-03-05",409,4.20894794496111,-0.0283835687770233,4.12044057957498,4.12260541804689,0.0047209532297112,0,0.0072710567465305,1,0,1
28117,"Prentiss","Mississippi",-0.0152966653754724,4.19891707648227,0,4.30599373411057,"2021-03-06",410,4.18314006100523,-0.0199365298218773,4.16179816091103,4.16643802535743,0.0109220649296463,0,0.008447038955146,1,0,1
28117,"Prentiss","Mississippi",-0.00968061771072168,4.2285487924248,0,4.29631311639985,"2021-03-07",411,4.14765962098982,-0.0152387426346256,4.18408379303357,4.18964191795747,0.00561604766475072,0,0.0046977871872517,1,0,1
28117,"Prentiss","Mississippi",-0.00781253973679238,4.23381279850551,0,4.28850057666306,"2021-03-08",412,4.1061790198691,-0.0136568214193649,4.18705854504493,4.19290282672751,0.0018680779739293,0,0.0015819212152607,1,0,1
28117,"Prentiss","Mississippi",-0.0198026272961821,4.1300795582936,0,4.26869794936688,"2021-03-09",413,4.07024701064304,-0.0220981824147244,4.11171511734527,4.11401067246381,-0.0119900875593897,0,-0.0084413609953595,-1,0,-1
28117,"Prentiss","Mississippi",-0.0222456089473199,4.09073307778832,0,4.24645234041956,"2021-03-10",414,4.03550406219917,-0.0235785299746124,4.08006970956998,4.08140263059727,-0.0024429816511378,0,-0.001480347559888,-1,0,-1
28117,"Prentiss","Mississippi",-0.0227517569834131,4.06443828455225,0,4.22370058343614,"2021-03-11",415,3.99162605602711,-0.0231357906496521,4.06136601522234,4.06175004888858,-0.000506148036093199,0,0.000442739324960299,-1,0,1
28117,"Prentiss","Mississippi",-0.0147526384750377,4.10567947563584,0,4.20894794496111,"2021-03-12",416,3.96759285658296,-0.0173533000501729,4.08487418303476,4.0874748446099,0.0079991185083754,0,0.0057824905994792,1,0,1
28117,"Prentiss","Mississippi",-0.0258078839558686,4.00248487331415,0,4.18314006100523,"2021-03-13",417,3.95398720452718,-0.027334541419338,3.99027161360641,3.99179827106986,-0.0110552454808309,0,-0.0099812413691651,-1,0,-1
28117,"Prentiss","Mississippi",-0.0354804400154095,3.89929654088196,0,4.14765962098982,"2021-03-14",418,3.95945169899926,-0.0349520082494495,3.90352399500963,3.90299556324367,-0.0096725560595409,0,-0.0076174668301115,-1,0,-1
28117,"Prentiss","Mississippi",-0.0414806011207184,3.81581481202408,0,4.1061790198691,"2021-03-15",419,3.9810158769151,-0.0412544285649014,3.81762419247061,3.81739801991479,-0.0060001611053089,0,-0.0063024203154519,-1,0,-1
28117,"Prentiss","Mississippi",-0.0359320092260604,3.81872294606062,0,4.07024701064304,"2021-03-16",420,4.00733318523247,-0.036615609152703,3.81325414664748,3.81393774657412,0.005548591894658,0,0.0046388194121984,1,0,1
28117,"Prentiss","Mississippi",-0.0347429484438746,3.79230342309205,0,4.03550406219917,"2021-03-17",421,4.02789946281395,-0.0341223664655751,3.79726807891844,3.79664749694014,0.0011890607821858,0,0.0024932426871279,1,0,1
28117,"Prentiss","Mississippi",-0.0438780061720519,3.68448001282275,0,3.99162605602711,"2021-03-18",422,4.03297561584581,-0.0446824152501088,3.6780447401983,3.67884914927635,-0.0091350577281773,0,-0.0105600487845337,-1,0,-1
28117,"Prentiss","Mississippi",-0.0240331994441566,3.79936046047386,0,3.96759285658296,"2021-03-19",423,3.99688922607139,-0.0244656128044498,3.79590115359151,3.79633356695181,0.0198448067278953,0,0.020216802445659,1,0,1
28117,"Prentiss","Mississippi",-0.0136056520557786,3.85874764013673,0,3.95398720452718,"2021-03-20",424,3.96217278911362,-0.0155992802456524,3.84279861461774,3.84479224280761,0.010427547388378,0,0.0088663325587974,1,0,1
28117,"Prentiss","Mississippi",0.00546449447207899,3.99770316030381,0.00546449447207875,3.99770316030381,"2021-03-21",425,3.92055790787798,0.00689554949480272,4.0091516004856,4.00772054546288,0.0190701465278576,0.00546449447207875,0.0224948297404551,1,1,1
28117,"Prentiss","Mississippi",0.0215641779158428,4.131965122326,0.0215641779158418,4.13196512232599,"2021-03-22",426,3.86822038276975,0.0204317242103868,4.12290549268235,4.12403794638781,0.0160996834437638,0.0160996834437631,0.0135361747155841,1,1,1
28117,"Prentiss","Mississippi",0.0263173083173697,4.19155434345406,0.0263173083173731,4.19155434345408,"2021-03-23",427,3.81614123372486,0.0227274835351277,4.16283574519612,4.16642556997836,0.0047531304015269,0.0047531304015313,0.0022957593247409,1,1,1
28117,"Prentiss","Mississippi",0.0205662775814757,4.17186340588428,0.0205662775814757,4.17186340588428,"2021-03-24",428,3.76451686831956,0.0180477976501221,4.15171556643345,4.15423404636481,-0.005751030735894,-0.0057510307358974,-0.0046796858850056,-1,-1,-1
28117,"Prentiss","Mississippi",0.00507615303186132,4.06850868706884,0.00507615303186082,4.06850868706883,"2021-03-25",429,3.71357206670431,0.0081134235862349,4.09280685150383,4.08976958094945,-0.0154901245496144,-0.0154901245496149,-0.0099343740638872,-1,-1,-1
28117,"Prentiss","Mississippi",-0.036086389774417,3.74428449765047,0,3.99688922607139,"2021-03-26",430,3.66721795733276,-0.0321829135745259,3.7755123072496,3.77160883104971,-0.0411625428062783,-0.00507615303186082,-0.0402963371607608,-1,-1,-1
28117,"Prentiss","Mississippi",-0.0347164369577718,3.71915773040922,0,3.96217278911362,"2021-03-27",431,3.61861025826738,-0.0336641839045287,3.72757575483516,3.72652350178192,0.0013699528166452,0,-0.0014812703300028,1,0,-1
28117,"Prentiss","Mississippi",-0.0416148812356303,3.62925373922857,0,3.92055790787798,"2021-03-28",432,3.57954279007647,-0.0387459755867895,3.6522049844193,3.64933607877045,-0.0068984442778585,0,-0.0050817916822608,-1,0,-1
28117,"Prentiss","Mississippi",-0.0523375251082229,3.50185770701219,0,3.86822038276975,"2021-03-29",433,3.54715129428523,-0.0488645659510195,3.52964138026982,3.52616842111261,-0.0107226438725926,0,-0.01011859036423,-1,0,-1
28117,"Prentiss","Mississippi",-0.0520791490448957,3.45158719041059,0,3.81614123372486,"2021-03-30",434,3.50941096630239,-0.0502940212935134,3.46586821242164,3.46408308467027,0.000258376063327195,0,-0.0014294553424939,1,0,-1
28117,"Prentiss","Mississippi",-0.0516243654053126,3.40314631048237,0,3.76451686831956,"2021-03-31",435,3.46573590279973,-0.0497364717599281,3.41824945964543,3.41636156600006,0.000454783639583102,0,0.000557549533585305,1,0,1
28117,"Prentiss","Mississippi",-0.0509448016152468,3.35695845539758,0,3.71357206670431,"2021-04-01",436,3.42472787907235,-0.0500153500101201,3.3643940682386,3.36346461663347,0.000679563790065799,0,-0.000278878250192002,1,0,-1
28117,"Prentiss","Mississippi",-0.0463541093715433,3.34273919173195,0,3.66721795733276,"2021-04-02",437,3.3964241029095,-0.0456185318761851,3.34862381169483,3.34788823419946,0.0045906922437035,0,0.004396818133935,1,0,1
28117,"Prentiss","Mississippi",-0.0486076990653752,3.27835636480975,0,3.61861025826738,"2021-04-03",438,3.34235688163922,-0.04777952853592,3.2849817290454,3.28415355851594,-0.0022535896938319,0,-0.0021609966597349,-1,0,-1
28117,"Prentiss","Mississippi",-0.0390674681909149,3.30607051274007,0,3.57954279007647,"2021-04-04",439,3.29053181377464,-0.0383240853000939,3.31201757586663,3.31127419297581,0.0095402308744603,0,0.0094554432358261,1,0,1
28117,"Prentiss","Mississippi",-0.0323914957912371,3.32041082374657,0,3.54715129428523,"2021-04-05",440,3.23587340123677,-0.0335606249344493,3.31105779060088,3.31222691974408,0.0066759723996778,0,0.0047634603656446,1,0,1
28117,"Prentiss","Mississippi",-0.0377403279828426,3.24522867042249,0,3.50941096630239,"2021-04-06",441,3.18398856586776,-0.0387416337551528,3.23721822424401,3.23821953001632,-0.0053488321916055,0,-0.0051810088207035,-1,0,-1
28117,"Prentiss","Mississippi",-0.0436750635026606,3.1600104582811,0,3.46573590279973,"2021-04-07",442,3.12926366617852,-0.0439505722424046,3.15780638836315,3.1580818971029,-0.005934735519818,0,-0.0052089384872518,-1,0,-1
28117,"Prentiss","Mississippi",-0.0410080237273807,3.13767171298068,0,3.42472787907235,"2021-04-08",443,3.08452777233712,-0.0411197920835867,3.13677756613104,3.13688933448724,0.0026670397752799,0,0.00283078015881789,1,0,1
28117,"Prentiss","Mississippi",-0.028303776162851,3.19829766976954,0,3.3964241029095,"2021-04-09",444,3.07136968775961,-0.0308749973319701,3.17772790041659,3.18029912158571,0.0127042475645297,0,0.0102447947516166,1,0,1
28117,"Prentiss","Mississippi",-0.0540672212702824,2.96388633274725,0,3.34235688163922,"2021-04-10",445,3.11033565629299,-0.0531085524106022,2.97155568362468,2.970597014765,-0.0257634451074314,0,-0.0222335550786321,-1,0,-1
28117,"Prentiss","Mississippi",-0.0518250678645803,2.92775633872258,0,3.29053181377464,"2021-04-11",446,3.12926366617852,-0.0503509498736244,2.93954928265022,2.93807516465927,0.0022421534057021,0,0.0027576025369778,1,0,1
28117,"Prentiss","Mississippi",-0.0546584125378713,2.85326451347167,0,3.23587340123677,"2021-04-12",447,3.12299405316492,-0.0537991096036093,2.86013893694577,2.8592796340115,-0.002833344673291,0,-0.0034481597299849,-1,0,-1
28117,"Prentiss","Mississippi",-0.0518848353690029,2.82079471828474,0,3.18398856586776,"2021-04-13",448,3.11668488397165,-0.0507811514343513,2.82962418976196,2.8285205058273,0.0027735771688684,0,0.003017958169258,1,0,1
28117,"Prentiss","Mississippi",-0.0547248996892378,2.74618936835385,0,3.12926366617852,"2021-04-14",449,3.12926366617852,-0.0519642944211852,2.76827421049828,2.76551360523022,-0.0028400643202349,0,-0.0011831429868339,-1,0,-1
28117,"Prentiss","Mississippi",-0.0447358938413872,2.77137651544741,0,3.08452777233712,"2021-04-15",450,3.15395627876888,-0.0451251576348821,2.76826240509946,2.76865166889295,0.0099890058478506,0,0.0068391367863031,1,0,1
28117,"Prentiss","Mississippi",-0.0131580845775132,2.97926309571702,0,3.07136968775961,"2021-04-16",451,3.17208366336144,-0.0201031154537375,2.92370284870722,2.93064787958345,0.031577809263874,0,0.0250220421811446,1,0,1
28117,"Prentiss","Mississippi",0.038965968533383,3.38309743602667,0.0389659685333807,3.38309743602666,"2021-04-17",452,3.16003532484527,0.0295622841346618,3.3078679608369,3.31727164523562,0.0521240531108962,0.0389659685333807,0.0496653995883993,1,1,1
28117,"Prentiss","Mississippi",0.0189280098855227,3.26175973537717,0.018928009885522,3.26175973537717,"2021-04-18",453,3.16003532484527,0.0163629354667016,3.2412391400266,3.24380421444543,-0.0200379586478603,-0.0200379586478587,-0.0131993486679602,-1,-1,-1
28117,"Prentiss","Mississippi",-0.00626961301359655,3.07910676206974,0,3.12299405316492,"2021-04-19",454,3.17805383034795,-0.0119059148188286,3.03401634762789,3.03965264943312,-0.0251976228991193,-0.018928009885522,-0.0282688502855302,-1,-1,-1
28117,"Prentiss","Mississippi",-0.00630916919326349,3.07252069961881,0,3.11668488397165,"2021-04-20",455,3.20158432775814,-0.0107586463568135,3.03692488231041,3.04137435947396,-3.95561796669398e-05,0,0.0011472684620151,-1,0,1
28117,"Prentiss","Mississippi",0.0125787822068627,3.21731514162655,0.0125787822068606,3.21731514162654,"2021-04-21",456,3.20738144544246,0.0137584330383389,3.22675234827836,3.22557269744689,0.0188879514001262,0.0125787822068606,0.0245170793951524,1,1,1
28117,"Prentiss","Mississippi",0.0246926125903707,3.32680456690148,0.0246926125903686,3.32680456690146,"2021-04-22",457,3.22457384598284,0.0248547428566187,3.32810160903147,3.32793947876521,0.012113830383508,0.012113830383508,0.0110963098182798,1,1,1
28117,"Prentiss","Mississippi",0.0181273845925572,3.29897535550934,0.0181273845925598,3.29897535550936,"2021-04-23",458,3.2470467018349,0.0200203460530924,3.31411904719362,3.31222608573309,-0.0065652279978135,-0.0065652279978088,-0.0048343968035263,-1,-1,-1
28117,"Prentiss","Mississippi",-0.0120483385161754,3.07569695523204,0,3.16003532484527,"2021-04-24",459,3.27444567602301,-0.0133820369269511,3.06502736794583,3.06636106635661,-0.0301757231087326,-0.0181273845925598,-0.0334023829800435,-1,-1,-1
28117,"Prentiss","Mississippi",-6.28036983473606e-16,3.16003532484526,0,3.16003532484527,"2021-04-25",460,3.29053181377464,0.00467015081786418,3.19739653138818,3.19272638057032,0.0120483385161748,0,0.0180521877448153,1,0,1
28117,"Prentiss","Mississippi",0.0180185055026756,3.30418336886668,0.0180185055026771,3.30418336886669,"2021-04-26",461,3.31158522297247,0.0211919728780725,3.32957110786985,3.32639764049446,0.0180185055026762,0.0180185055026771,0.0165218220602083,1,1,1
28117,"Prentiss","Mississippi",0.0235304974101933,3.36629780962949,0.0235304974101953,3.36629780962951,"2021-04-27",462,3.32708940950844,0.0276881883131138,3.39955933685286,3.39540164594994,0.0055119919075177,0.0055119919075182,0.0064962154350413,1,1,1
28117,"Prentiss","Mississippi",0.00579711768432325,3.24796126923273,0.00579711768432389,3.24796126923273,"2021-04-28",463,3.34235688163922,0.00871284450650049,3.27128708381014,3.26837135698796,-0.0177333797258701,-0.0177333797258714,-0.0189753438066133,-1,-1,-1
28117,"Prentiss","Mississippi",0.0171924005403709,3.34492064976543,0.0171924005403716,3.34492064976544,"2021-04-29",464,3.34235688163922,0.0174665949095162,3.34711420471859,3.34684001034945,0.0113952828560477,0.0113952828560477,0.00875375040301571,1,1,1
28117,"Prentiss","Mississippi",0.022472855852059,3.40435669279931,0.0224728558520599,3.40435669279932,"2021-04-30",465,3.34235688163922,0.0229407524070978,3.40809986523962,3.40763196868458,0.0052804553116881,0.0052804553116883,0.0054741574975816,1,1,1
28117,"Prentiss","Mississippi",0.027398974188115,3.46623849533982,0.027398974188114,3.46623849533981,"2021-05-01",466,3.33729357968267,0.0262509513094515,3.45705431231051,3.45820233518917,0.004926118336056,0.0049261183360541,0.0033101989023537,1,1,1
28117,"Prentiss","Mississippi",0.0160861377516275,3.40313477803603,0.016086137751627,3.40313477803603,"2021-05-02",467,3.32194801000801,0.0179926347718375,3.41838675419771,3.4164802571775,-0.0113128364364875,-0.011312836436487,-0.008258316537614,-1,-1,-1
28117,"Prentiss","Mississippi",0.0210534091978308,3.45895908735728,0.0210534091978296,3.45895908735727,"2021-05-03",468,3.31678003984957,0.0227156291489476,3.47225684696622,3.4705946270151,0.0049672714462033,0.0049672714462026,0.0047229943771101,1,1,1
28117,"Prentiss","Mississippi",0.0155041865359668,3.4356187152602,0.015504186535968,3.43561871526021,"2021-05-04",469,3.32194801000801,0.0173521505094884,3.45040242704838,3.44855446307486,-0.005549222661864,-0.0055492226618616,-0.0053634786394592,-1,-1,-1
28117,"Prentiss","Mississippi",0.0152674721307867,3.44922918655473,0.0152674721307871,3.44922918655473,"2021-05-05",470,3.34235688163922,0.0176232600833854,3.46807549017552,3.46571970222292,-0.0002367144051801,-0.0002367144051809,0.000271109573897001,-1,-1,1
28117,"Prentiss","Mississippi",1.88411095042036e-15,3.34235688163924,0,3.34235688163922,"2021-05-06",471,3.35739475900376,0.00447787918385342,3.37817991511005,3.37370203592619,-0.0152674721307848,-0.0152674721307871,-0.013145380899532,-1,-1,-1
28117,"Prentiss","Mississippi",-1.88411095042067e-15,3.34235688163921,0,3.34235688163922,"2021-05-07",472,3.35739475900376,0.00485605103482685,3.38120528991783,3.37634923888301,-3.76822190084103e-15,0,0.00037817185097343,-1,0,1
28117,"Prentiss","Mississippi",-0.00506330195654977,3.30185046598683,0,3.33729357968267,"2021-05-08",473,3.36235754834589,-0.008490747547054,3.27443090126279,3.27785834685329,-0.00506330195654789,0,-0.0133467985818808,-1,0,-1
28117,"Prentiss","Mississippi",-0.0153455696746571,3.21452902228542,0,3.32194801000801,"2021-05-09",474,3.38680864421006,-0.0167213237953503,3.20352298931987,3.20489874344056,-0.0102822677181073,0,-0.0082305762482963,-1,0,-1
28117,"Prentiss","Mississippi",-0.0051679701584417,3.28060424874048,0,3.31678003984957,"2021-05-10",475,3.3964241029095,-0.00798750678509367,3.25804795572726,3.26086749235391,0.0101775995162154,0,0.00873381701025663,1,0,1
28117,"Prentiss","Mississippi",0.00516797015844128,3.3581238011171,0.00516797015844084,3.3581238011171,"2021-05-11",476,3.40594798442075,0.00854940233689813,3.38517525854475,3.3817938263663,0.010335940316883,0.00516797015844084,0.0165369091219918,1,1,1
28117,"Prentiss","Mississippi",0.0204088716312044,3.48521898305765,0.0204088716312079,3.48521898305768,"2021-05-12",477,3.391627930646,0.0223072746024168,3.50040620682734,3.49850780385614,0.0152409014727631,0.0152409014727671,0.0137578722655187,1,1,1
28117,"Prentiss","Mississippi",0.0150378773645397,3.46265990055554,0.0150378773645397,3.46265990055554,"2021-05-13",478,3.3770998300831,0.0162686028100087,3.47250570411929,3.47127497867382,-0.0053709942666647,-0.0053709942666682,-0.0060386717924081,-1,-1,-1
28117,"Prentiss","Mississippi",6.28036983473454e-16,3.35739475900377,0,3.35739475900376,"2021-05-14",479,3.36729582998647,0.00384405343514238,3.3881471864849,3.38430313304976,-0.0150378773645391,-0.0150378773645397,-0.0124245493748663,-1,-1,-1
28117,"Prentiss","Mississippi",0.00496278934213088,3.39709707374081,0.00496278934213112,3.39709707374081,"2021-05-15",480,3.35739475900376,0.00697935962741301,3.41322963602306,3.41121306573778,0.00496278934213025,0.00496278934213112,0.00313530619227063,1,1,1
28117,"Prentiss","Mississippi",0.0244510958641668,3.55796631525922,0.0244510958641637,3.5579663152592,"2021-05-16",481,3.34739467566918,0.0255364906145474,3.56664947326227,3.56556407851189,0.0194883065220359,0.0194883065220326,0.0185571309871344,1,1,1
28117,"Prentiss","Mississippi",0.00961545869944199,3.46373231380559,0.00961545869944258,3.4637323138056,"2021-05-17",482,3.35739475900376,0.0100647346200572,3.46732652117052,3.4668772452499,-0.0148356371647248,-0.0148356371647211,-0.0154717559944902,-1,-1,-1
28117,"Prentiss","Mississippi",0.00952388151125228,3.47261515499952,0.00952388151125261,3.47261515499952,"2021-05-18",483,3.35240721749272,0.00962026705481039,3.47338623934798,3.47328985380442,-9.1577188189711e-05,-9.15771881899712e-05,-0.00044446756524681,-1,-1,-1
28117,"Prentiss","Mississippi",-0.0143200537747488,3.29138755422276,0,3.391627930646,"2021-05-19",484,3.35240721749272,-0.0164913787904033,3.27401695409752,3.27618827911318,-0.0238439352860011,-0.00952388151125261,-0.0261116458452137,-1,-1,-1
28117,"Prentiss","Mississippi",-0.014528100562911,3.27540312614272,0,3.3770998300831,"2021-05-20",485,3.35739475900376,-0.0175660034075535,3.25109990338557,3.25413780623023,-0.000208046788162199,0,-0.0010746246171502,-1,0,-1
28117,"Prentiss","Mississippi",-0.00980400009662048,3.29866782931013,0,3.36729582998647,"2021-05-21",486,3.36235754834589,-0.0119721491254449,3.28132263707954,3.28349078610836,0.00472410046629052,0,0.0055938542821086,1,0,1
28117,"Prentiss","Mississippi",-0.00990107098271362,3.28808726212477,0,3.35739475900376,"2021-05-22",487,3.36235754834589,-0.0127305727772294,3.26545124776864,3.26828074956315,-9.7070886093141e-05,0,-0.000758423651784499,-1,0,-1
28117,"Prentiss","Mississippi",-0.0100000833345821,3.2773940923271,0,3.34739467566918,"2021-05-23",488,3.36235754834589,-0.0109144467759513,3.27007918479615,3.27099354823752,-9.90123518684796e-05,0,0.0018161260012781,-1,0,1
28117,"Prentiss","Mississippi",0.0100000833345842,3.42739534234585,0.0100000833345839,3.42739534234585,"2021-05-24",489,3.36235754834589,0.0104471399945446,3.43097179562554,3.43052473896557,0.0200001666691663,0.0100000833345839,0.0213615867704959,1,1,1
28117,"Prentiss","Mississippi",-0.00498754151103872,3.31749442691545,0,3.35240721749272,"2021-05-25",490,3.3722098447889,-0.00733894114119372,3.29868322987421,3.30103462950436,-0.0149876248456229,-0.0100000833345839,-0.0177860811357383,-1,-1,-1
28117,"Prentiss","Mississippi",6.28036983473454e-16,3.35240721749273,0,3.35240721749272,"2021-05-26",491,3.38196601973427,0.00514895785354847,3.39359888032111,3.38844992246756,0.00498754151103935,0,0.0124878989947422,1,0,1
28117,"Prentiss","Mississippi",0.00498754151103751,3.39230754958102,0.0049875415110372,3.39230754958102,"2021-05-27",492,3.3722098447889,0.00710427973751432,3.40924145539283,3.40712471716636,0.00498754151103688,0.0049875415110372,0.00195532188396585,1,1,1
28117,"Prentiss","Mississippi",0.00496278934213128,3.39709707374081,0.00496278934213112,3.39709707374081,"2021-05-28",493,3.35240721749272,0.00677087500246905,3.41156175902351,3.40975367336317,-2.47521689062296e-05,-2.47521689060804e-05,-0.00033340473504527,-1,-1,-1
28117,"Prentiss","Mississippi",-6.28036983473555e-16,3.36235754834589,0,3.36235754834589,"2021-05-29",494,3.3322045101752,0.00505256929335941,3.40277810269277,3.39772553339941,-0.00496278934213191,-0.00496278934213112,-0.00171830570910964,-1,-1,-1
28117,"Prentiss","Mississippi",-6.28036983473555e-16,3.36235754834589,0,3.36235754834589,"2021-05-30",495,3.31158522297247,0.00399831976010584,3.39434410642674,3.39034578666663,0,0,-0.00105424953325357,0,0,-1
28117,"Prentiss","Mississippi",6.28036983473404e-16,3.3623575483459,0,3.36235754834589,"2021-05-31",496,3.29583686600433,0.00493211710840102,3.4018144852131,3.3968823681047,1.25607396694696e-15,0,0.000933797348295179,1,0,1
28117,"Prentiss","Mississippi",0.00985229644300983,3.44117591988997,0.00985229644300878,3.44117591988996,"2021-06-01",497,3.26902560855367,0.0112715808839764,3.4525301954177,3.45111091097673,0.0098522964430092,0.00985229644300878,0.00633946377557538,1,1,1
28117,"Prentiss","Mississippi",0.00975617494536539,3.45025924435182,0.00975617494536518,3.45025924435182,"2021-06-02",498,3.23587340123677,0.0107863263667438,3.45850045572285,3.45747030430148,-9.61214976444406e-05,-9.6121497643601e-05,-0.0004852545172326,-1,-1,-1
28117,"Prentiss","Mississippi",-0.00975617494536508,3.30391662017135,0,3.3722098447889,"2021-06-03",499,3.23023958351852,-0.0118786804202542,3.28693657637224,3.28905908184712,-0.0195123498907305,-0.00975617494536518,-0.022665006786998,-1,-1,-1
28117,"Prentiss","Mississippi",-0.0198026272961799,3.21378882641947,0,3.35240721749272,"2021-06-04",500,3.25809653802148,-0.0204814544819587,3.20835820893323,3.20903703611901,-0.0100464523508148,0,-0.0086027740617045,-1,0,-1
28117,"Prentiss","Mississippi",-0.0202027073175199,3.19078555895256,0,3.3322045101752,"2021-06-05",501,3.27983652465789,-0.0206903856625625,3.18688413219222,3.18737181053726,-0.00040008002134,0,-0.000208931180603802,-1,0,-1
28117,"Prentiss","Mississippi",-0.0206192872027337,3.16725021255333,0,3.31158522297247,"2021-06-06",502,3.30111392310517,-0.0223236203647131,3.1536155472575,3.15531988041948,-0.000416579885213802,0,-0.0016332347021506,-1,0,-1
28117,"Prentiss","Mississippi",-0.0157483569681385,3.18559836722736,0,3.29583686600433,"2021-06-07",503,3.30636327899132,-0.0179485318290818,3.16799696833982,3.17019714320076,0.0048709302345952,0,0.0043750885356313,1,0,1
28117,"Prentiss","Mississippi",-0.0268112574506531,3.0813468063991,0,3.26902560855367,"2021-06-08",504,3.29583686600433,-0.0266387473300458,3.08272688736396,3.08255437724335,-0.0110629004825146,0,-0.008690215500964,-1,0,-1
28117,"Prentiss","Mississippi",-0.0331522073168985,3.00380795001848,0,3.23587340123677,"2021-06-09",505,3.29583686600433,-0.031261993603277,3.01892965972745,3.01703944601383,-0.0063409498662454,0,-0.0046232462732312,-1,0,-1
28117,"Prentiss","Mississippi",-0.00563381771825349,3.19080285949074,0,3.23023958351852,"2021-06-10",506,3.29053181377464,-0.00932012229255983,3.16131242289629,3.1649987274706,0.027518389598645,0,0.0219418713107172,1,0,1
28117,"Prentiss","Mississippi",0.0278569545029677,3.45309521954226,0.0278569545029659,3.45309521954224,"2021-06-11",507,3.26902560855367,0.0248552364772884,3.42908147533683,3.4320831933625,0.0334907722212212,0.0278569545029659,0.0341753587698482,1,1,1
28117,"Prentiss","Mississippi",0.021739986636404,3.43201643111272,0.021739986636407,3.43201643111274,"2021-06-12",508,3.26357600378611,0.0217490642372293,3.43208905191931,3.43207997431849,-0.0061169678665637,-0.0061169678665589,-0.0031061722400591,-1,-1,-1
28117,"Prentiss","Mississippi",0.0212773984472814,3.45005571223614,0.0212773984472823,3.45005571223615,"2021-06-13",509,3.25809653802148,0.0194428190280468,3.43537907688226,3.4372136563015,-0.000462588189122599,-0.000462588189124698,-0.0023062452091825,-1,-1,-1
28117,"Prentiss","Mississippi",0.00524935588614535,3.34310877019433,0.0052493558861455,3.34310877019434,"2021-06-14",510,3.25809653802148,0.00694738483939927,3.35669300182036,3.35499497286711,-0.0160280425611361,-0.0160280425611368,-0.0124954341886475,-1,-1,-1
28117,"Prentiss","Mississippi",-0.0105264129869895,3.2221519750954,0,3.29583686600433,"2021-06-15",511,3.26357600378611,-0.0135977259333111,3.19758147152483,3.20065278447115,-0.0157757688731348,-0.0052493558861455,-0.0205451107727104,-1,-1,-1
28117,"Prentiss","Mississippi",-6.28036983473555e-16,3.29583686600432,0,3.29583686600433,"2021-06-16",512,3.2470467018349,0.00434372746497258,3.33058668572411,3.32624295825914,0.0105264129869889,0,0.0179414533982837,1,0,1
28117,"Prentiss","Mississippi",-0.00530505222969232,3.25339644816679,0,3.29053181377464,"2021-06-17",513,3.22457384598284,-0.00999229260856604,3.2158985251358,3.22058576551468,-0.00530505222969169,0,-0.0143360200735386,-1,0,-1
28117,"Prentiss","Mississippi",-0.0215062052209622,3.11848217200694,0,3.26902560855367,"2021-06-18",514,3.21314515015922,-0.020306980961604,3.12807596608181,3.12687674182244,-0.0162011529912699,0,-0.010314688353038,-1,0,-1
28117,"Prentiss","Mississippi",-0.00544960476756786,3.22542877041313,0,3.26357600378611,"2021-06-19",515,3.19575340744735,-0.00906395660313411,3.1965139557286,3.20012830756417,0.0160566004533943,0,0.0112430243584699,1,0,1
28117,"Prentiss","Mississippi",-0.00547946576462531,3.2197402776691,0,3.25809653802148,"2021-06-20",516,3.17805383034795,-0.0104236353876705,3.18018692068475,3.18513109030779,-2.98609970574501e-05,0,-0.00135967878453639,-1,0,-1
28117,"Prentiss","Mississippi",0,3.25809653802148,0,3.25809653802148,"2021-06-21",517,3.15395627876888,-0.0156136554807077,3.13318729417582,3.14880094965653,0.00547946576462531,0,-0.0051900200930372,1,0,-1
28117,"Prentiss","Mississippi",0.00547946576462487,3.30193226413848,0.00547946576462399,3.30193226413847,"2021-06-22",518,3.11668488397165,0.00595747593065481,3.30575634546672,3.30527833530069,0.00547946576462487,0.00547946576462399,0.0215711314113625,1,1,1
28117,"Prentiss","Mississippi",-0.0165293019512123,3.13134158817641,0,3.2470467018349,"2021-06-23",519,3.11668488397165,-0.0205637133328757,3.0990662971231,3.10310070850477,-0.0220087677158372,-0.00547946576462399,-0.0265211892635305,-1,-1,-1
28117,"Prentiss","Mississippi",-0.0224728558520602,3.06726385501841,0,3.22457384598284,"2021-06-24",520,3.16003532484527,-0.0239783929867538,3.05521955794087,3.05672509507556,-0.0059435539008479,0,-0.0034146796538781,-1,0,-1
28117,"Prentiss","Mississippi",-0.0114286958236157,3.13314427939391,0,3.21314515015922,"2021-06-25",521,3.18988828799495,-0.0155327056800315,3.10031220054259,3.104416210399,0.0110441600284445,0,0.0084456873067223,1,0,1
28117,"Prentiss","Mississippi",-0.0173917427118721,3.07401120846424,0,3.19575340744735,"2021-06-26",522,3.20738144544246,-0.0193478524578397,3.0583623304965,3.06031844024247,-0.0059630468882564,0,-0.0038151467778082,-1,0,-1
28117,"Prentiss","Mississippi",-0.0176995770993985,3.05415679065216,0,3.17805383034795,"2021-06-27",523,3.22457384598284,-0.0211201856335761,3.02679192237874,3.03021253091292,-0.0003078343875264,0,-0.0017723331757364,-1,0,-1
28117,"Prentiss","Mississippi",-0.024097551579061,2.98527341771546,0,3.15395627876888,"2021-06-28",524,3.24147565678544,-0.0250317465029635,2.97779985832424,2.97873405324814,-0.0063979744796625,0,-0.0039115608693874,-1,0,-1
28117,"Prentiss","Mississippi",-0.03727139479723,2.85578512039104,0,3.11668488397165,"2021-06-29",525,3.28519846779927,-0.0342234992317711,2.88016828491471,2.87712038934925,-0.013173843218169,0,-0.0091917527288076,-1,0,-1
28117,"Prentiss","Mississippi",0,3.11668488397165,0,3.11668488397165,"2021-06-30",526,3.35739475900376,-0.0122161596559545,3.01895560672401,3.03117176637997,0.03727139479723,0,0.0220073395758166,1,0,1
28117,"Prentiss","Mississippi",0.0433504408736135,3.46348841096056,0.0433504408736138,3.46348841096057,"2021-07-01",527,3.40119738166216,0.0361315492269864,3.40573727778754,3.41295616943417,0.0433504408736135,0.0433504408736138,0.0483477088829409,1,1,1
28117,"Prentiss","Mississippi",0.0298529631496798,3.39885903004271,0.0298529631496804,3.39885903004271,"2021-07-02",528,3.44316158076119,0.0277081165730138,3.38170025742938,3.38384510400605,-0.0134974777239337,-0.0134974777239334,-0.0084234326539726,-1,-1,-1
28117,"Prentiss","Mississippi",0.0174931574475148,3.32983354757507,0.0174931574475159,3.32983354757508,"2021-07-03",529,3.48343547989913,0.0194470249120529,3.34546448729137,3.34351061982683,-0.012359805702165,-0.0123598057021645,-0.0082610916609609,-1,-1,-1
28117,"Prentiss","Mississippi",0.0171924005403695,3.34492064976542,0.0171924005403716,3.34492064976544,"2021-07-04",530,3.52214999207982,0.0193672889490693,3.36231975703501,3.36014486862633,-0.000300756907145299,-0.0003007569071443,-7.97359629836e-05,-1,-1,-1
28117,"Prentiss","Mississippi",0.0169018108026086,3.3597883324037,0.0169018108026062,3.35978833240369,"2021-07-05",531,3.55534806148941,0.0185700065788056,3.37313389861328,3.37146570283708,-0.000290589737760898,-0.000290589737765402,-0.000797282370263698,-1,-1,-1
28117,"Prentiss","Mississippi",0.0437228110138363,3.59125814489613,0.0437228110138301,3.59125814489608,"2021-07-06",532,3.62624388312245,0.0395404968988465,3.55779963197621,3.5619819460912,0.0268210002112277,0.0268210002112239,0.0209704903200409,1,1,1
28117,"Prentiss","Mississippi",0.0721962912044993,3.86276879743526,0.0721962912044889,3.86276879743518,"2021-07-07",533,3.67086094861126,0.0540589688634646,3.71767021870699,3.73580754104801,0.028473480190663,0.0284734801906588,0.0145184719646181,1,1,1
28117,"Prentiss","Mississippi",0.0438026226583873,3.70781574027087,0.0438026226583936,3.70781574027091,"2021-07-08",534,3.72741311811618,0.0431078788217909,3.70225778957809,3.7029525334147,-0.028393668546112,-0.0283936685460953,-0.0109510900416737,-1,-1,-1
28117,"Prentiss","Mississippi",0.0419641990990326,3.73691097445442,0.0419641990990325,3.73691097445442,"2021-07-09",535,3.79066214842388,0.0424761792055396,3.74100681530648,3.74049483519997,-0.0018384235593547,-0.0018384235593611,-0.000631699616251299,-1,-1,-1
28117,"Prentiss","Mississippi",0.040273899137934,3.76535277386467,0.0402738991379405,3.76535277386471,"2021-07-10",536,3.85014760171006,0.0386437674512708,3.75231172037136,3.75394185205803,-0.0016902999610986,-0.001690299961092,-0.0038324117542688,-1,-1,-1
28117,"Prentiss","Mississippi",0.0387145121806905,3.79315157734465,0.0387145121806904,3.79315157734465,"2021-07-11",537,3.90629233071916,0.0390079277546412,3.79549890193626,3.79520548636231,-0.0015593869572435,-0.0015593869572501,0.000364160303370401,-1,-1,1
28117,"Prentiss","Mississippi",0.0331980694095995,3.78773454735661,0.0331980694095946,3.78773454735658,"2021-07-12",538,NA,0.0331792669406562,3.78758412760507,3.787602930074,-0.005516442771091,-0.0055164427710958,-0.005828660813985,-1,-1,-1
28117,"Prentiss","Mississippi",0.0708958216330384,4.12251463455372,0.0708958216330386,4.12251463455372,"2021-07-13",539,NA,0.0602693740458009,4.03750305385582,4.04812950144306,0.0376977522234389,0.037697752223444,0.0270901071051447,1,1,1
28117,"Prentiss","Mississippi",0.0446170654888128,3.98318040703295,0.0446170654888061,3.9831804070329,"2021-07-14",540,NA,0.0443671677677213,3.98118122526422,3.98143112298531,-0.0262787561442256,-0.0262787561442325,-0.0159022062780796,-1,-1,-1
28117,"Prentiss","Mississippi",0.0565521695049221,4.12327830465063,0.0565521695049216,4.12327830465063,"2021-07-15",541,NA,0.0559857501375172,4.1187469497114,4.1193133690788,0.0119351040161093,0.0119351040161155,0.0116185823697959,1,1,1
28117,"Prentiss","Mississippi",0.0632490303077087,4.23340536057784,0.0632490303076989,4.23340536057777,"2021-07-16",542,NA,0.0617798995314047,4.22165231436742,4.22312144514371,0.00669686080278661,0.00669686080277731,0.0057941493938875,1,1,1
28117,"Prentiss","Mississippi",0.0594854532861779,4.2665457747133,0.0594854532861797,4.26654577471332,"2021-07-17",543,NA,0.058827554206643,4.26128258207702,4.26194048115656,-0.0037635770215308,-0.00376357702151921,-0.0029523453247617,-1,-1,-1
28117,"Prentiss","Mississippi",0.0561447290091016,4.29930543378287,0.0561447290091022,4.29930543378288,"2021-07-18",544,NA,0.0546502345787529,4.28734947834008,4.28884397277043,-0.0033407242770763,-0.0033407242770775,-0.0041773196278901,-1,-1,-1
