"fips","county","state","r.lm","predicted.lm","r.slm","predicted.slm","date.y","days_from_start.y","log_rolled_cases.y","tau.hat","predicted.grf.future.0","predicted.grf.future.last","D.r.lm","D.r.slm","D.tau.hat","B.D.r.lm","B.D.r.slm","B.D.tau.hat"
41053,"Polk","Oregon",0.06187540371809,3.49785297106757,0.0618754037180884,3.49785297106756,"2020-04-14",84,3.33729357968267,0.0750679168777457,3.60339307634482,3.59020056318516,NA,NA,NA,NA,NA,NA
41053,"Polk","Oregon",0.0582689081239762,3.53087641003275,0.0582689081239764,3.53087641003275,"2020-04-15",85,3.33729357968267,0.0665536046213784,3.59715398201197,3.58886928551457,-0.0036064955941138,-0.003606495594112,-0.0085143122563673,-1,-1,-1
41053,"Polk","Oregon",0.0668942348300329,3.65814793180518,0.0668942348300314,3.65814793180517,"2020-04-16",86,3.3322045101752,0.0707008508115408,3.68860085965725,3.68479424367574,0.0086253267060567,0.008625326706055,0.00414724619016241,1,1,1
41053,"Polk","Oregon",0.0515873687904943,3.6025872383189,0.0515873687904937,3.6025872383189,"2020-04-17",87,3.31678003984957,0.0551642966399088,3.63120266111422,3.6276257332648,-0.0153068660395386,-0.0153068660395377,-0.015536554171632,-1,-1,-1
41053,"Polk","Oregon",0.0437228110138302,3.59125814489608,0.0437228110138301,3.59125814489608,"2020-04-18",88,3.27983652465789,0.0485069861354111,3.62953154586873,3.62474737074715,-0.0078645577766641,-0.0078645577766636,-0.0066573105044977,-1,-1,-1
41053,"Polk","Oregon",0.031581572050301,3.53785104420168,0.0315815720503005,3.53785104420168,"2020-04-19",89,3.23587340123677,0.0371006950728271,3.58200402838189,3.57648490535936,-0.0121412389635292,-0.0121412389635296,-0.011406291062584,-1,-1,-1
41053,"Polk","Oregon",0.0205135398331004,3.48088835851438,0.0205135398331002,3.48088835851438,"2020-04-20",90,3.18398856586776,0.0286774883048133,3.54619994628808,3.53803599781636,-0.0110680322172006,-0.0110680322172003,-0.0084232067680138,-1,-1,-1
41053,"Polk","Oregon",1.25607396694701e-15,3.33729357968268,0,3.33729357968267,"2020-04-21",91,3.12926366617852,0.0207428306205331,3.50323622464694,3.4824933940264,-0.0205135398330991,-0.0205135398331002,-0.0079346576842802,-1,-1,-1
41053,"Polk","Oregon",1.25607396694701e-15,3.33729357968268,0,3.33729357968267,"2020-04-22",92,3.0513021247088,0.0204199000367563,3.50065277997672,3.48023287993996,0,0,-0.0003229305837768,0,0,-1
41053,"Polk","Oregon",0.221800367767732,4.83243909903202,0.221800367767742,4.83243909903209,"2020-05-14",114,3.99162605602711,0.118222474797955,4.00381595527379,4.10739384824357,0.221800367767731,0.221800367767742,0.0978025747611987,1,1,1
41053,"Polk","Oregon",0.18142509774692,4.73123730663324,0.181425097746918,4.73123730663323,"2020-05-15",115,4.01509519056796,0.111245356283581,4.16979937492654,4.23997911638988,-0.040375270020812,-0.040375270020824,-0.00697711851437401,-1,-1,-1
41053,"Polk","Oregon",0.161172732300973,4.75064348081259,0.161172732300976,4.75064348081261,"2020-05-16",116,4.03550406219917,0.120499897089656,4.42526079912205,4.46593363433337,-0.020252365445947,-0.020252365445942,0.009254540806075,-1,-1,1
41053,"Polk","Oregon",0.145388301748275,4.78554076869198,0.145388301748274,4.78554076869197,"2020-05-17",117,4.04555439805267,0.110190257061118,4.50395641119472,4.53915445588188,-0.015784430552698,-0.015784430552702,-0.010309640028538,-1,-1,-1
41053,"Polk","Oregon",0.112267301871082,4.66596107142271,0.11226730187108,4.6659610714227,"2020-05-18",118,4.04555439805267,0.100241975510829,4.56975846054069,4.58178378690094,-0.033120999877193,-0.033120999877194,-0.009948281550289,-1,-1,-1
41053,"Polk","Oregon",0.0517356743991872,4.29397535351864,0.0517356743991892,4.29397535351865,"2020-05-19",119,4.04305126783455,0.0511024045052141,4.28890919436685,4.28954246426083,-0.0605316274718948,-0.0605316274718908,-0.0491395710056149,-1,-1,-1
41053,"Polk","Oregon",0.0330608622608876,4.19631253081143,0.0330608622608879,4.19631253081143,"2020-05-20",120,4.04054185622913,0.035546878284725,4.21620065900213,4.21371464297829,-0.0186748121382996,-0.0186748121383013,-0.0155555262204891,-1,-1,-1
41053,"Polk","Oregon",0.0267395610418983,4.1788029833204,0.0267395610418988,4.1788029833204,"2020-05-21",121,4.03297561584581,0.031357405085342,4.21574573566795,4.2111278916245,-0.0063213012189893,-0.0063213012189891,-0.004189473199383,-1,-1,-1
41053,"Polk","Oregon",0.0234691345408463,4.17937913235388,0.0234691345408469,4.17937913235389,"2020-05-22",122,4.02535169073515,0.0262782932837221,4.20185240229689,4.19904324355401,-0.003270426501052,-0.0032704265010519,-0.0050791118016199,-1,-1,-1
41053,"Polk","Oregon",0.0204088716312079,4.17836616361762,0.0204088716312087,4.17836616361763,"2020-05-23",123,4.00992722040952,0.021854061471875,4.18992768234296,4.1884824925023,-0.0030602629096384,-0.0030602629096382,-0.0044242318118471,-1,-1,-1
41053,"Polk","Oregon",0.0100503358535006,4.11590674902717,0.0100503358535002,4.11590674902717,"2020-05-24",124,4.00733318523247,0.0174835111140091,4.17537215111124,4.16793897585073,-0.0103585357777073,-0.0103585357777085,-0.0043705503578659,-1,-1,-1
41053,"Polk","Oregon",1.25607396694698e-15,4.04555439805268,0,4.04555439805267,"2020-05-25",125,4.00733318523247,0.00826706616523475,4.11169092737455,4.10342386120931,-0.0100503358534993,-0.0100503358535002,-0.00921644494877435,-1,-1,-1
41053,"Polk","Oregon",-0.0025031302181183,4.02552935630772,0,4.04305126783455,"2020-05-26",126,3.9863350383927,-0.0113590983597932,3.95468161117432,3.963537579316,-0.00250313021811956,0,-0.0196261645250279,-1,0,-1
41053,"Polk","Oregon",-0.00250941160542696,4.02297597499114,0,4.04054185622913,"2020-05-27",127,3.91487607441055,-0.0084123350490375,3.97575258744225,3.98165551088587,-6.28138730865988e-06,0,0.0029467633107557,-1,0,1
41053,"Polk","Oregon",-0.00756624038331831,3.98001193316258,0,4.03297561584581,"2020-05-28",128,3.81928095372953,-0.0130432526397076,3.93619583511147,3.94167284736786,-0.00505682877789135,0,-0.0046309175906701,-1,0,-1
41053,"Polk","Oregon",-0.00762392511065801,3.97198421496054,0,4.02535169073515,"2020-05-29",129,3.69953674858792,-0.012990455390231,3.92905197272396,3.93441850300353,-5.76847273396994e-05,0,5.27972494765994e-05,-1,0,1
41053,"Polk","Oregon",-0.015424470325633,3.90195592813009,0,4.00992722040952,"2020-05-30",130,3.56751859710967,-0.0158302827488409,3.89870942874442,3.89911524116763,-0.00780054521497499,0,-0.0028398273586099,-1,0,-1
41053,"Polk","Oregon",-0.00259403517704538,3.98917493899315,0,4.00733318523247,"2020-05-31",131,3.3964241029095,-0.00853942922467042,3.94161178661216,3.94755718065978,0.0128304351485876,0,0.00729085352417048,1,0,1
41053,"Polk","Oregon",1.25607396694701e-15,4.00733318523248,0,4.00733318523247,"2020-06-01",132,3.18988828799495,0.00959615540066838,4.08410242843782,4.07450627303715,0.00259403517704664,0,0.0181355846253388,1,0,1
41053,"Polk","Oregon",0.126751705639145,4.06531576982196,0.126751705639146,4.06531576982197,"2020-06-23",154,3.47903986842609,0.0993288867927713,3.84593321905097,3.87335603789735,0.126751705639144,0.126751705639146,0.0897327313921029,1,1,1
41053,"Polk","Oregon",0.117783035656387,4.12031811559904,0.117783035656383,4.12031811559901,"2020-06-24",155,3.47903986842609,0.100327610856146,3.98067471719711,3.99813014199735,-0.00896866998275801,-0.00896866998276301,0.000998724063374701,-1,-1,1
41053,"Polk","Oregon",0.0957910646416741,4.06216538313772,0.0957910646416753,4.06216538313773,"2020-06-25",156,3.47903986842609,0.0875428985213102,3.99618005417481,4.00442822029517,-0.0219919710147129,-0.0219919710147077,-0.0127847123348358,-1,-1,-1
41053,"Polk","Oregon",0.0469569830877699,3.76728379534816,0.0469569830877701,3.76728379534817,"2020-06-26",157,3.48343547989913,0.0517327292666071,3.80548976477886,3.80071401860002,-0.0488340815539042,-0.0488340815539052,-0.0358101692547031,-1,-1,-1
41053,"Polk","Oregon",0.0181823190831904,3.5840434663993,0.0181823190831913,3.58404346639931,"2020-06-27",158,3.49650756146648,0.0239211173093895,3.62995385220889,3.6242150539827,-0.0287746640045795,-0.0287746640045788,-0.0278116119572176,-1,-1,-1
41053,"Polk","Oregon",0.0178576174000069,3.59962817201702,0.0178576174000069,3.59962817201702,"2020-06-28",159,3.50941096630239,0.0243980007410755,3.65195123874557,3.6454108554045,-0.000324701683183503,-0.000324701683184402,0.000476883431686,-1,-1,1
41053,"Polk","Oregon",0.00441501820911646,3.5099449958899,0.00441501820911583,3.5099449958899,"2020-06-29",160,3.52636052461616,0.013094251734209,3.57937886409064,3.57069963056555,-0.0134425991908904,-0.0134425991908911,-0.0113037490068665,-1,-1,-1
41053,"Polk","Oregon",0,3.47903986842609,0,3.47903986842609,"2020-06-30",161,3.55534806148941,-0.0118737622175518,3.38404977068568,3.39592353290323,-0.00441501820911646,-0.00441501820911583,-0.0249680139517608,-1,-1,-1
41053,"Polk","Oregon",0,3.47903986842609,0,3.47903986842609,"2020-07-01",162,3.60704943586631,-0.00721297509261574,3.42133606768516,3.42854904277778,0,0,0.00466078712493606,0,0,1
41053,"Polk","Oregon",0,3.47903986842609,0,3.47903986842609,"2020-07-02",163,3.65251180994306,-0.00895595049511534,3.40739226446517,3.41634821496028,0,0,-0.0017429754024996,0,0,-1
41053,"Polk","Oregon",0.00439561147304077,3.51420476021041,0.00439561147303991,3.51420476021041,"2020-07-03",164,3.6959969218828,0.0122562679663292,3.57709001215672,3.56922935566343,0.00439561147304077,0.00439561147303991,0.0212122184614445,1,1,1
41053,"Polk","Oregon",0.0130720815673517,3.58801213243794,0.0130720815673517,3.58801213243794,"2020-07-04",165,3.71705033108063,0.0177299430607848,3.62527502438541,3.62061716289197,0.00867647009431093,0.00867647009431179,0.0054736750944556,1,1,1
41053,"Polk","Oregon",0.0129034048359059,3.59973480015373,0.0129034048359071,3.59973480015374,"2020-07-05",166,3.71357206670431,0.0161840263710022,3.6259797724345,3.62269915089941,-0.000168676731445799,-0.000168676731444599,-0.0015459166897826,-1,-1,-1
41053,"Polk","Oregon",0.0169495583137746,3.64500743281258,0.0169495583137742,3.64500743281258,"2020-07-06",167,3.71357206670431,0.0205257194654652,3.67361672202611,3.67004056087442,0.0040461534778687,0.0040461534778671,0.004341693094463,1,1,1
41053,"Polk","Oregon",0.0289875368732517,3.75826081960218,0.028987536873252,3.75826081960218,"2020-07-07",168,3.71705033108063,0.0357099075530118,3.81203978504025,3.80531741436049,0.0120379785594771,0.0120379785594778,0.0151841880875466,1,1,1
41053,"Polk","Oregon",0.0517013743768914,3.96895905650454,0.0517013743768917,3.96895905650455,"2020-07-08",169,3.6959969218828,0.05472626589178,3.99315818862365,3.99013329710877,0.0227138375036397,0.0227138375036397,0.0190163583387682,1,1,1
41053,"Polk","Oregon",0.0454623740767576,3.97074842848037,0.0454623740767568,3.97074842848036,"2020-07-09",170,3.67810735713203,0.0462467771883496,3.97702365337311,3.97623925026151,-0.0062390003001338,-0.0062390003001349,-0.0084794887034304,-1,-1,-1
41053,"Polk","Oregon",0.0434851119397407,4.00039270546099,0.0434851119397388,4.00039270546097,"2020-07-10",171,3.65620867182439,0.0461222791258938,4.02149004295021,4.01885287576406,-0.0019772621370169,-0.001977262137018,-0.000124498062455805,-1,-1,-1
41053,"Polk","Oregon",0.0210534091978308,3.86442419546545,0.0210534091978309,3.86442419546545,"2020-07-11",172,3.65620867182439,0.0262965121470566,3.90636901905925,3.90112591611003,-0.0224317027419099,-0.0224317027419079,-0.0198257669788372,-1,-1,-1
41053,"Polk","Oregon",-0.00347826437632393,3.68922421607004,0,3.71357206670431,"2020-07-12",173,3.6959969218828,-0.00825388183720647,3.65101927638298,3.65579489384386,-0.0245316735741547,-0.0210534091978309,-0.0345503939842631,-1,-1,-1
41053,"Polk","Oregon",1.25607396694701e-15,3.71357206670432,0,3.71357206670431,"2020-07-13",174,3.73766961828337,0.00984188993363114,3.79230718617336,3.78246529623973,0.00347826437632519,0,0.0180957717708376,1,0,1
41053,"Polk","Oregon",0.00347826437632267,3.74139818171489,0.00347826437632381,3.7413981817149,"2020-07-14",175,3.7744016275521,0.0115207975568734,3.8057384471593,3.79769591397874,0.00347826437632141,0.00347826437632381,0.00167890762324226,1,1,1
41053,"Polk","Oregon",-0.0210534091978297,3.54862305749799,0,3.6959969218828,"2020-07-15",176,3.81928095372953,-0.0111666023722161,3.6277175121029,3.61783070527729,-0.0245316735741524,-0.00347826437632381,-0.0226873999290895,-1,-1,-1
41053,"Polk","Oregon",-0.017889564750774,3.55288040387661,0,3.67810735713203,"2020-07-16",177,3.87713574642771,-0.0148322687299572,3.57733877204314,3.57428147602233,0.0031638444470557,0,-0.0036656663577411,1,0,-1
41053,"Polk","Oregon",-0.0218986853076394,3.50291787467091,0,3.65620867182439,"2020-07-17",178,3.93182563272433,-0.0163513715390463,3.54729638481966,3.54174907105107,-0.0040091205568654,0,-0.0015191028090891,-1,0,-1
41053,"Polk","Oregon",0,3.65620867182439,0,3.65620867182439,"2020-07-18",179,3.99688922607139,-0.00383049383642071,3.62556472113302,3.62939521496944,0.0218986853076394,0,0.0125208777026256,1,0,1
41053,"Polk","Oregon",0.0397882500584141,3.9745146722917,0.0397882500584137,3.9745146722917,"2020-07-19",180,4.05550472890584,0.0426532317996483,3.99743452622158,3.99456954448034,0.0397882500584141,0.0397882500584137,0.046483725636069,1,1,1
41053,"Polk","Oregon",0.0416726964005666,4.02937849308733,0.0416726964005676,4.02937849308734,"2020-07-20",181,4.09672268462707,0.0437115251571157,4.04568912313973,4.04365029438318,0.00188444634215251,0.0018844463421539,0.0010582933574674,1,1,1
41053,"Polk","Oregon",0.0367320092687287,4.0315256924332,0.0367320092687304,4.03152569243321,"2020-07-21",182,4.13858926401986,0.0395686830537836,4.05421908271364,4.05138240892859,-0.0049406871318379,-0.0049406871318372,-0.0041428421033321,-1,-1,-1
41053,"Polk","Oregon",0.0448793261774313,4.13343623697155,0.044879326177433,4.13343623697156,"2020-07-22",183,4.17877324183889,0.0453087565934281,4.13687168029952,4.13644224988353,0.0081473169087026,0.0081473169087026,0.00574007353964449,1,1,1
41053,"Polk","Oregon",0.0578547926981751,4.28211929531493,0.0578547926981741,4.28211929531492,"2020-07-23",184,4.21529717263976,0.0544374573384419,4.25478061243706,4.2581979477968,0.0129754665207438,0.0129754665207411,0.0091287007450138,1,1,1
41053,"Polk","Oregon",0.0546898862966211,4.31465483680067,0.0546898862966199,4.31465483680067,"2020-07-24",185,4.26267987704132,0.0538431093681599,4.30788062137299,4.30872739830145,-0.003164906401554,-0.00316490640155419,-0.000594347970282003,-1,-1,-1
41053,"Polk","Oregon",0.0650635933470618,4.45233437950082,0.0650635933470616,4.45233437950082,"2020-07-25",186,4.30791866252016,0.0635669736019912,4.44036142154026,4.44185804128533,0.0103737070504407,0.0103737070504417,0.00972386423383131,1,1,1
41053,"Polk","Oregon",0.0586155028344505,4.46581324874699,0.0586155028344488,4.46581324874698,"2020-07-26",187,4.34008794545355,0.0569673756901656,4.45262823159271,4.454276358737,-0.0064480905126113,-0.0064480905126128,-0.00659959791182561,-1,-1,-1
41053,"Polk","Oregon",0.041217955721232,4.38524837467569,0.0412179557212315,4.38524837467569,"2020-07-27",188,4.39444915467244,0.0439797521402677,4.40734274602798,4.40458094960894,-0.0173975471132185,-0.0173975471132173,-0.0129876235498979,-1,-1,-1
41053,"Polk","Oregon",0.0418665793927899,4.43165531976939,0.0418665793927904,4.43165531976939,"2020-07-28",189,4.4576640488795,0.0429970117870687,4.44069877892362,4.43956834652934,0.000648623671557901,0.0006486236715589,-0.000982740353199001,1,1,-1
41053,"Polk","Oregon",0.0401839778190351,4.46006108657214,0.0401839778190336,4.46006108657213,"2020-07-29",190,4.50928841428481,0.0399457468328463,4.45815523868263,4.45839346966881,-0.0016826015737548,-0.0016826015737568,-0.00305126495422239,-1,-1,-1
41053,"Polk","Oregon",0.0365239308008709,4.47096468824586,0.0365239308008709,4.47096468824586,"2020-07-30",191,4.5613675633297,0.0388221879017947,4.48935074505325,4.48705248795232,-0.0036600470181642,-0.0036600470181627,-0.0011235589310516,-1,-1,-1
41053,"Polk","Oregon",0.0473827044015543,4.5943588078522,0.0473827044015529,4.59435880785219,"2020-07-31",192,4.60802325497049,0.0478634564946785,4.59820482459719,4.59772407250407,0.0108587736006834,0.010858773600682,0.0090412685928838,1,1,1
41053,"Polk","Oregon",0.045238785478844,4.62459016087207,0.045238785478845,4.62459016087208,"2020-08-01",193,4.64439089914137,0.0442207417096419,4.61644581071846,4.61746385448765,-0.0021439189227103,-0.0021439189227079,-0.0036427147850366,-1,-1,-1
41053,"Polk","Oregon",0.0321692829333913,4.56527292598729,0.0321692829333911,4.56527292598729,"2020-08-02",194,4.68345310438213,0.0334447763689893,4.57547687347208,4.57420138003647,-0.0130695025454527,-0.0130695025454539,-0.0107759653406526,-1,-1,-1
41053,"Polk","Oregon",0.0543612092188882,4.77497761920466,0.0543612092188877,4.77497761920465,"2020-08-03",195,4.71466500078438,0.0520451764595073,4.75644935712961,4.75876538988899,0.0221919262854969,0.0221919262854966,0.018600400090518,1,1,1
41053,"Polk","Oregon",0.0632148942070634,4.90016830832895,0.0632148942070625,4.90016830832894,"2020-08-04",196,4.7349445297349,0.054635176507813,4.83153056673494,4.84011028443419,0.0088536849881752,0.0088536849881748,0.0025900000483057,1,1,1
41053,"Polk","Oregon",0.0516243654053086,4.87065897212197,0.0516243654053081,4.87065897212197,"2020-08-05",197,4.75727796418555,0.0499655724719221,4.85738862865488,4.85904742158826,-0.0115905288017548,-0.0115905288017544,-0.0046696040358909,-1,-1,-1
41053,"Polk","Oregon",0.0520791490448878,4.92592160664391,0.0520791490448884,4.92592160664392,"2020-08-06",198,4.76583024600086,0.0487979162914795,4.89967174461665,4.90295297737006,0.000454783639579202,0.000454783639580299,-0.0011676561804426,1,1,-1
41053,"Polk","Oregon",0.0466556916407977,4.93461309645608,0.0466556916407965,4.93461309645607,"2020-08-07",199,4.76947323727937,0.0465445094374745,4.9337236388295,4.93383482103281,-0.0054234574040901,-0.0054234574040919,-0.002253406854005,-1,-1,-1
41053,"Polk","Oregon",0.0363676441708778,4.89896440833752,0.0363676441708778,4.89896440833752,"2020-08-08",200,4.77551555173533,0.0355098078205883,4.8921017175352,4.89295955388549,-0.0102880474699199,-0.0102880474699187,-0.0110347016168862,-1,-1,-1
41053,"Polk","Oregon",0.0390622052407613,4.95688854106746,0.0390622052407616,4.95688854106747,"2020-08-09",201,4.77310300532994,0.038159986209645,4.94967078881853,4.95057300784964,0.0026945610698835,0.0026945610698838,0.0026501783890567,1,1,1
41053,"Polk","Oregon",0.0312118964022404,4.93314827560006,0.0312118964022421,4.93314827560007,"2020-08-10",202,4.76704605162176,0.0298043631524395,4.92188800960165,4.92329554285146,-0.0078503088385209,-0.0078503088385195,-0.0083556230572055,-1,-1,-1
41053,"Polk","Oregon",0.0202795289505256,4.87690123238858,0.0202795289505264,4.87690123238859,"2020-08-11",203,4.76826038085416,0.0216412163113201,4.88779473127494,4.88643304391414,-0.0109323674517148,-0.0109323674517157,-0.0081631468411194,-1,-1,-1
41053,"Polk","Oregon",0.0223334344506431,4.91361200534005,0.0223334344506432,4.91361200534005,"2020-08-12",204,4.77068462446567,0.0226636839556075,4.91625400137976,4.9159237518748,0.0020539055001175,0.0020539055001168,0.0010224676442874,1,1,1
41053,"Polk","Oregon",0.00855228181531657,4.82569621870808,0.00855228181531675,4.82569621870808,"2020-08-13",205,4.78032325330343,0.0116805403788934,4.8507222872167,4.84759402865311,-0.0137811526353265,-0.0137811526353264,-0.0109831435767141,-1,-1,-1
41053,"Polk","Oregon",0.00364299127850526,4.79497417622891,0.00364299127850654,4.79497417622891,"2020-08-14",206,4.78986986518701,0.00862003268802832,4.83479050750509,4.82981346609557,-0.00490929053681131,-0.00490929053681021,-0.00306050769086508,-1,-1,-1
41053,"Polk","Oregon",0.00604231445596581,4.81781175292709,0.00604231445596515,4.81781175292709,"2020-08-15",207,4.79579054559674,0.00891368729320157,4.84078273562498,4.83791136278774,0.00239932317746055,0.00239932317745861,0.000293654605173251,1,1,1
41053,"Polk","Oregon",-0.0024125464053901,4.75621518049221,0,4.77310300532994,"2020-08-16",208,4.80519131988145,-0.00488493028594337,4.73643610944778,4.73890849332834,-0.00845486086135591,-0.00604231445596515,-0.0137986175791449,-1,-1,-1
41053,"Polk","Oregon",-0.00605695370818387,4.72464737566447,0,4.76704605162176,"2020-08-17",209,4.81450454202811,-0.00715755082731861,4.71584259871139,4.71694319583053,-0.00364440730279377,0,-0.00227262054137524,-1,0,-1
41053,"Polk","Oregon",0.00121432923240274,4.77676068548098,0.00121432923240139,4.77676068548097,"2020-08-18",210,4.80752776954246,0.00674119784790061,4.82097563440496,4.81544876578946,0.00727128294058661,0.00121432923240139,0.0138987486752192,1,1,1
41053,"Polk","Oregon",0.00242424361150353,4.78765432974619,0.00242424361150384,4.78765432974619,"2020-08-19",211,4.79105680894654,0.00609512635467672,4.81702139169157,4.81335050894841,0.00120991437910079,0.00120991437910245,-0.00064607149322389,1,1,-1
41053,"Polk","Oregon",0.00963862883776692,4.8477936551678,0.00963862883776745,4.8477936551678,"2020-08-20",212,4.77310300532994,0.00961067675244138,4.8475700384852,4.84759799057052,0.00721438522626339,0.00721438522626361,0.00351555039776466,1,1,1
41053,"Polk","Oregon",0.00954661188357817,4.85669614837206,0.00954661188357875,4.85669614837206,"2020-08-21",213,4.75605021694722,0.0110109832669282,4.86841111943886,4.86694674805551,-9.20169541887492e-05,-9.20169541887006e-05,0.00140030651448682,-1,-1,1
41053,"Polk","Oregon",0.00592068040973075,4.83723530846486,0.00592068040973004,4.83723530846485,"2020-08-22",214,4.7349445297349,0.00765517932681182,4.8511112998015,4.84937680088442,-0.00362593147384742,-0.00362593147384871,-0.00335580394011638,-1,-1,-1
41053,"Polk","Oregon",0.00940077428470491,4.87099673987438,0.00940077428470421,4.87099673987437,"2020-08-23",215,4.71722254693549,0.0101712959742421,4.87716091339068,4.87639039170114,0.00348009387497416,0.00348009387497417,0.00251611664743028,1,1,1
41053,"Polk","Oregon",0.0093132221466658,4.87969709705477,0.00931322214666697,4.87969709705478,"2020-08-24",216,4.69787958409236,0.0106080878822469,4.89005602293942,4.88876115720384,-8.75521380391091e-05,-8.75521380372408e-05,0.000436791908004799,-1,-1,1
41053,"Polk","Oregon",-0.00697677248565134,4.7586903621429,0,4.80752776954246,"2020-08-25",217,4.67682617489452,-0.00898399404206953,4.74263258969155,4.74463981124797,-0.0162899946323171,-0.00931322214666697,-0.0195920819243164,-1,-1,-1
41053,"Polk","Oregon",-0.0164709605959239,4.67576008477507,0,4.79105680894654,"2020-08-26",218,4.65938777189289,-0.0151002141241984,4.68672605654887,4.68535531007715,-0.00949418811027256,0,-0.00611622008212887,-1,0,-1
41053,"Polk","Oregon",-0.0179538036165948,4.64742638001378,0,4.77310300532994,"2020-08-27",219,4.64301632847821,-0.0184129766959543,4.64375299537891,4.64421216845826,-0.0014828430206709,0,-0.0033127625717559,-1,0,-1
41053,"Polk","Oregon",-0.0170527883827207,4.63668069826818,0,4.75605021694722,"2020-08-28",220,4.63749907310345,-0.0164978503939754,4.64112020217814,4.64056526418939,0.000901015233874099,0,0.0019151263019789,1,0,1
41053,"Polk","Oregon",-0.021105687212321,4.58720471924866,0,4.7349445297349,"2020-08-29",221,4.63055941999291,-0.0192394087464699,4.60213494697546,4.60026866850961,-0.0040528988296003,0,-0.0027415583524945,-1,0,-1
41053,"Polk","Oregon",-0.0177219827994132,4.5931686673396,0,4.71722254693549,"2020-08-30",222,4.6291656915443,-0.0174104373128435,4.59566103123215,4.59534948574559,0.0033837044129078,0,0.0018289714336264,1,0,1
41053,"Polk","Oregon",-0.0193429628431305,4.56247884419045,0,4.69787958409236,"2020-08-31",223,4.63611498983751,-0.0187388571183078,4.56731168998903,4.56670758426421,-0.0016209800437173,0,-0.0013284198054643,-1,0,-1
41053,"Polk","Oregon",-0.0210534091978364,4.52945231050967,0,4.67682617489452,"2020-09-01",224,4.649870364906,-0.0214887389022701,4.5259696728742,4.52640500257863,-0.0017104463547059,0,-0.0027498817839623,-1,0,-1
41053,"Polk","Oregon",-0.0174384030016309,4.53731895088148,0,4.65938777189289,"2020-09-02",225,4.66881545114845,-0.0175386102145528,4.5365172931781,4.53661750039102,0.0036150061962055,0,0.0039501286877173,1,0,1
41053,"Polk","Oregon",-0.0163714434146854,4.52841622457541,0,4.64301632847821,"2020-09-03",226,4.68080760019371,-0.0172537394532087,4.52135785626722,4.52224015230575,0.0010669595869455,0,0.000284870761344098,1,0,1
41053,"Polk","Oregon",-0.00551725537475886,4.59887828548014,0,4.63749907310345,"2020-09-04",227,4.67549550270882,-0.00949135082188095,4.56708552190316,4.57105961735028,0.0108541880399265,0,0.00776238863132775,1,0,1
41053,"Polk","Oregon",-0.00693965311053497,4.58198184821917,0,4.63055941999291,"2020-09-05",228,4.66478589566244,-0.0105142884283763,4.55338476567644,4.55695940099428,-0.00142239773577611,0,-0.00102293760649535,-1,0,-1
41053,"Polk","Oregon",-0.00139372844861089,4.61940959240403,0,4.6291656915443,"2020-09-06",229,4.64576358295334,-0.007864499102369,4.56764342717396,4.57411419782772,0.00554592466192408,0,0.0026497893260073,1,0,1
41053,"Polk","Oregon",0.00694929829320745,4.68476007788996,0.00694929829320845,4.68476007788997,"2020-09-07",230,4.61370508843793,0.00614726708254591,4.67834382820467,4.67914585941533,0.00834302674181834,0.00694929829320845,0.0140117661849149,1,1,1
41053,"Polk","Oregon",0.0137553750684922,4.74615799038545,0.0137553750684907,4.74615799038544,"2020-09-08",231,4.58642414316704,0.0116491078498964,4.72930785263668,4.73141411985527,0.00680607677528475,0.00680607677528225,0.00550184076735049,1,1,1
41053,"Polk","Oregon",0.0189450862424485,4.80143105484559,0.0189450862424492,4.8014310548456,"2020-09-09",232,4.55687989686031,0.0151610713269057,4.77115893552125,4.77494295043679,0.0051897111739563,0.0051897111739585,0.0035119634770093,1,1,1
41053,"Polk","Oregon",0.0119921490452611,4.76475264351054,0.0119921490452617,4.76475264351054,"2020-09-10",233,4.53106221383437,0.0119737509674525,4.76460545888807,4.76462385696588,-0.0069529371971874,-0.0069529371971875,-0.0031873203594532,-1,-1,-1
41053,"Polk","Oregon",-0.00531209748489373,4.63831082031456,0,4.67549550270882,"2020-09-11",234,4.51085950651685,-0.010087250573501,4.6001095956057,4.60488474869431,-0.0173042465301548,-0.0119921490452617,-0.0220610015409535,-1,-1,-1
41053,"Polk","Oregon",-0.0107096070463753,4.58981864633782,0,4.66478589566244,"2020-09-12",235,4.49822110764513,-0.0141535206059346,4.56226733786134,4.5657112514209,-0.00539750956148157,0,-0.0040662700324336,-1,0,-1
41053,"Polk","Oregon",-0.0190223127091029,4.51260739398962,0,4.64576358295334,"2020-09-13",236,4.49663001741289,-0.0192040887833186,4.51115318539589,4.51133496147011,-0.0083127056627276,0,-0.005050568177384,-1,0,-1
41053,"Polk","Oregon",-0.0320584945154138,4.38929562683003,0,4.61370508843793,"2020-09-14",237,4.49663001741289,-0.0296049781923987,4.40892375741415,4.40647024109114,-0.0130361818063109,0,-0.0104008894090801,-1,0,-1
41053,"Polk","Oregon",-0.0272809452708926,4.39545752627079,0,4.58642414316704,"2020-09-15",238,4.49344022204478,-0.0281795753743988,4.38826848544274,4.38916711554625,0.0047775492445212,0,0.0014254028179999,1,0,1
41053,"Polk","Oregon",-0.0295442463067271,4.35007017271322,0,4.55687989686031,"2020-09-16",239,4.49503639157761,-0.0285949108007419,4.35766485676111,4.35671552125512,-0.0022633010358345,0,-0.000415335426343102,-1,0,-1
41053,"Polk","Oregon",-0.0258176830259401,4.35033843265279,0,4.53106221383437,"2020-09-17",240,4.49980967033027,-0.0249966875276032,4.35690639663948,4.35608540114115,0.003726563280787,0,0.0035982232731387,1,0,1
41053,"Polk","Oregon",-0.020202707317522,4.3694405552942,0,4.51085950651685,"2020-09-18",241,4.50613880538191,-0.0211977599763089,4.3614801340239,4.36247518668269,0.0056149757084181,0,0.0037989275512943,1,0,1
41053,"Polk","Oregon",-0.0126383988717201,4.40975231554309,0,4.49822110764513,"2020-09-19",242,4.5155580272984,-0.0148890160184532,4.39174737836922,4.39399799551596,0.0075643084458019,0,0.0063087439578557,1,0,1
41053,"Polk","Oregon",-0.00159109023224187,4.48549238578719,0,4.49663001741289,"2020-09-20",243,4.5155580272984,-0.00774060536684733,4.43629626471035,4.44244577984496,0.0110473086394782,0,0.00714841065160587,1,0,1
41053,"Polk","Oregon",-1.25607396694701e-15,4.49663001741288,0,4.49663001741289,"2020-09-21",244,4.50771484983738,0.00197394268686673,4.51242155890782,4.51044761622096,0.00159109023224061,0,0.00971454805371406,1,0,1
41053,"Polk","Oregon",-0.00318979536810069,4.47111165446808,0,4.49344022204478,"2020-09-22",245,4.50297924509154,-0.00821109992947063,4.43094121797713,4.43596252253849,-0.00318979536809943,0,-0.0101850426163374,-1,0,-1
41053,"Polk","Oregon",0.00159616953282214,4.50620957830736,0.0015961695328226,4.50620957830737,"2020-09-23",246,4.48863636973214,0.00523286574551907,4.53530314800893,4.53166645179624,0.00478596490092283,0.0015961695328226,0.0134439656749897,1,1,1
41053,"Polk","Oregon",0.00477327875265687,4.53322262159886,0.00477327875265754,4.53322262159887,"2020-09-24",247,4.46590811865458,0.00713029366000779,4.55207874085767,4.54972172595032,0.00317710921983473,0.00317710921983494,0.00189742791448872,1,1,1
41053,"Polk","Oregon",0.00632913505164755,4.55044275074345,0.00632913505164812,4.55044275074345,"2020-09-25",248,4.45268478547989,0.00705399977419434,4.55624166852382,4.55551680380127,0.00155585629899068,0.00155585629899058,-7.62938858134502e-05,1,1,-1
41053,"Polk","Oregon",0.00941922191649117,4.58149258071384,0.00941922191649081,4.58149258071384,"2020-09-26",249,4.44600696433729,0.0106684360276316,4.59148629360296,4.59023707949182,0.00309008686484362,0.00309008686484269,0.00361443625343726,1,1,1
41053,"Polk","Oregon",-1.25607396694706e-15,4.5155580272984,0,4.5155580272984,"2020-09-27",250,4.43590586835078,0.00434706251981833,4.55033452745695,4.54598746493713,-0.00941922191649243,-0.00941922191649081,-0.00632137350781327,-1,-1,-1
41053,"Polk","Oregon",-0.00784317746102749,4.45281260761019,0,4.50771484983738,"2020-09-28",251,4.43590586835078,-0.00809192369413375,4.45082263774533,4.45107138397844,-0.00784317746102623,0,-0.0124389862139521,-1,0,-1
41053,"Polk","Oregon",-0.00473560474583436,4.4698300118707,0,4.50297924509154,"2020-09-29",252,4.42911467077278,-0.00576070528901186,4.46162920752529,4.46265430806846,0.00310757271519313,0,0.00233121840512189,1,0,1
41053,"Polk","Oregon",-0.0143428753594056,4.3882362422163,0,4.48863636973214,"2020-09-30",253,4.42056029867612,-0.0116331207135338,4.40991427938327,4.4072045247374,-0.00960727061357124,0,-0.00587241542452194,-1,0,-1
41053,"Polk","Oregon",-0.022728251077554,4.30681036111171,0,4.46590811865458,"2020-10-01",254,4.4188406077966,-0.0162414406439106,4.35870484458086,4.35221803414721,-0.0083853757181484,0,-0.0046083199303768,-1,0,-1
41053,"Polk","Oregon",-0.0132233331746896,4.36012145325707,0,4.45268478547989,"2020-10-02",255,4.40671924726425,-0.00448980610858217,4.42998966978592,4.42125614271981,0.0095049179028644,0,0.0117516345353284,1,0,1
41053,"Polk","Oregon",-0.00667782114260767,4.39926221633903,0,4.44600696433729,"2020-10-03",256,4.39091558209113,-0.00468924961717454,4.41517078854249,4.41318221701707,0.00654551203208193,0,-0.00019944350859237,1,0,-1
41053,"Polk","Oregon",-0.0101010959865048,4.36519819644525,0,4.43590586835078,"2020-10-04",257,4.38023932409979,-0.0067724939228371,4.39182701295459,4.38849841089092,-0.00342327484389713,0,-0.00208324430566256,-1,0,-1
41053,"Polk","Oregon",1.25607396694701e-15,4.43590586835079,0,4.43590586835078,"2020-10-05",258,4.3640081291712,0.00411861299607276,4.46885477231936,4.46473615932329,0.0101010959865061,0,0.0108911069189099,1,0,1
41053,"Polk","Oregon",-0.00679119757800208,4.38157628772677,0,4.42911467077278,"2020-10-06",259,4.36944785246702,-0.00620814145722574,4.38624073669297,4.3856576805722,-0.00679119757800334,0,-0.0103267544532985,-1,0,-1
41053,"Polk","Oregon",-0.0085543720966583,4.36067969399952,0,4.42056029867612,"2020-10-07",260,4.38559170083838,-0.0056785005528296,4.38368666635014,4.38081079480631,-0.00176317451865622,0,0.00052964090439614,-1,0,1
41053,"Polk","Oregon",-0.00171969087952599,4.40680277163992,0,4.4188406077966,"2020-10-08",261,4.4014790606007,-0.00389429815104739,4.38940591346774,4.39158052073927,0.00683468121713231,0,0.00178420240178221,1,0,1
41053,"Polk","Oregon",-0.0121213605323433,4.32186972353785,0,4.40671924726425,"2020-10-09",262,4.42399083377291,-0.00766056790166876,4.35755606458325,4.35309527195257,-0.0104016696528173,0,-0.00376626975062137,-1,0,-1
41053,"Polk","Oregon",-0.0158036651731266,4.28028992587924,0,4.39091558209113,"2020-10-10",263,4.43928424994241,-0.0118864846857307,4.3116273697784,4.30771018929102,-0.0036823046407833,0,-0.00422591678406194,-1,0,-1
41053,"Polk","Oregon",-0.0106762579913383,4.30550551816042,0,4.38023932409979,"2020-10-11",264,4.44935144906014,-0.00998300545499076,4.3110515384512,4.31035828591485,0.0051274071817883,0,0.00190347923073994,1,0,1
41053,"Polk","Oregon",-0.0162311949285817,4.25038976467113,0,4.3640081291712,"2020-10-12",265,4.46590811865458,-0.0118792756830803,4.28520511863515,4.28085319938964,-0.0055549369372434,0,-0.00189627022808954,-1,0,-1
41053,"Polk","Oregon",0.00543972329581666,4.40752591553774,0.00543972329581788,4.40752591553775,"2020-10-13",266,4.46918681011628,0.00832067580055177,4.43057353557561,4.42769258307088,0.0216709182243984,0.00543972329581788,0.0201999514836321,1,1,1
41053,"Polk","Oregon",0.0161438483713553,4.49859863943787,0.0161438483713567,4.49859863943788,"2020-10-14",267,4.46426473291085,0.0180159661405903,4.51357558159174,4.51170346382251,0.0107041250755386,0.0107041250755388,0.00969529034003853,1,1,1
41053,"Polk","Oregon",0.0158873597623188,4.51269057893693,0.0158873597623188,4.51269057893693,"2020-10-15",268,4.47733681447821,0.0162290199761109,4.51542386064727,4.51508220043348,-0.000256488609036501,-0.000256488609037903,-0.0017869461644794,-1,-1,-1
41053,"Polk","Oregon",0.0225117731722178,4.58157324597844,0.0225117731722166,4.58157324597843,"2020-10-16",269,4.49503639157761,0.022438946843359,4.58099063534757,4.58106346167642,0.006624413409899,0.0066244134098978,0.0062099268672481,1,1,1
41053,"Polk","Oregon",0.0152934161694994,4.54633816312891,0.0152934161694986,4.5463381631289,"2020-10-17",270,4.51711930786536,0.0159975255822871,4.55197103843121,4.55126692901842,-0.0072183570027184,-0.007218357002718,-0.0064414212610719,-1,-1,-1
41053,"Polk","Oregon",0.0100671991177255,4.51982184288422,0.0100671991177244,4.51982184288421,"2020-10-18",271,4.53872508657994,0.0132528661925031,4.54530717948243,4.54212151240766,-0.0052262170517739,-0.0052262170517742,-0.002744659389784,-1,-1,-1
41053,"Polk","Oregon",0.0165566695944454,4.5818048058157,0.016556669594447,4.58180480581571,"2020-10-19",272,4.56285898791637,0.017314955681242,4.58787109451008,4.58711280842327,0.0064894704767199,0.0064894704767226,0.0040620894887389,1,1,1
41053,"Polk","Oregon",0.00327869146169903,4.49213765034817,0.00327869146169846,4.49213765034817,"2020-10-20",273,4.58933112195835,0.00831982443970659,4.53246671417223,4.52742558119423,-0.0132779781327464,-0.0132779781327485,-0.00899513124153541,-1,-1,-1
41053,"Polk","Oregon",-0.00492207720542856,4.42981019247285,0,4.46426473291085,"2020-10-21",274,4.61935482098004,-0.0059104010139059,4.42190360200503,4.42289192581351,-0.00820076866712759,-0.00327869146169846,-0.0142302254536125,-1,-1,-1
41053,"Polk","Oregon",0.0130720815673518,4.56884138544967,0.0130720815673522,4.56884138544967,"2020-10-22",275,4.63334106295479,0.0139967635872671,4.57623884160899,4.57531415958908,0.0179941587727804,0.0130720815673522,0.019907164601173,1,1,1
41053,"Polk","Oregon",0.0176995770994017,4.61893343127342,0.0176995770994006,4.61893343127341,"2020-10-23",276,4.63611498983751,0.0184179402649933,4.62468033659816,4.62396197343256,0.0046274955320499,0.0046274955320484,0.0044211766777262,1,1,1
41053,"Polk","Oregon",0.0220829162877503,4.67169972187961,0.0220829162877498,4.67169972187961,"2020-10-24",277,4.6388812433304,0.0222114241535213,4.67272778480578,4.67259927694001,0.0043833391883486,0.0043833391883492,0.003793483888528,1,1,1
41053,"Polk","Oregon",0.0216057787145832,4.68996553758202,0.0216057787145818,4.68996553758201,"2020-10-25",278,4.64163986576949,0.0213282515924453,4.68774532060492,4.68802284772706,-0.0004771375731671,-0.000477137573168002,-0.000883172561076,-1,-1,-1
41053,"Polk","Oregon",0.0241339013364303,4.73179629727138,0.0241339013364295,4.73179629727137,"2020-10-26",279,4.64163986576949,0.0235163270666602,4.72685570311322,4.72747327738299,0.0025281226218471,0.0025281226218477,0.0021880754742149,1,1,1
41053,"Polk","Oregon",0.0264721340419774,4.77463606025219,0.0264721340419767,4.77463606025218,"2020-10-27",280,4.63611498983751,0.0256165075257007,4.76779104812198,4.76864667463825,0.0023382327055471,0.0023382327055472,0.0021001804590405,1,1,1
41053,"Polk","Oregon",0.0300236990216995,4.82952071413194,0.0300236990216982,4.82952071413193,"2020-10-28",281,4.62497281328427,0.0279708185040923,4.81309766999109,4.81515055050869,0.0035515649797221,0.0035515649797215,0.0023543109783916,1,1,1
41053,"Polk","Oregon",0.0139862419747462,4.73124475677801,0.0139862419747461,4.73124475677801,"2020-10-29",282,4.61512051684126,0.0133592082187396,4.72622848672996,4.72685552048597,-0.0160374570469533,-0.0160374570469521,-0.0146116102853527,-1,-1,-1
41053,"Polk","Oregon",0.00277392688272289,4.65553247801657,0.00277392688272204,4.65553247801657,"2020-10-30",283,4.60944674275535,0.0057783702084243,4.67956802462218,4.67656358129648,-0.0112123150920233,-0.0112123150920241,-0.0075808380103153,-1,-1,-1
41053,"Polk","Oregon",0.00276625349288726,4.65824501778061,0.00276625349288739,4.65824501778061,"2020-10-31",284,4.61512051684126,0.00616304926406527,4.68541938395003,4.68202258817886,-7.67338983563006e-06,-7.67338983464995e-06,0.00038467905564097,-1,-1,1
41053,"Polk","Oregon",0.00275862243908748,4.6609502228431,0.00275862243908698,4.66095022284309,"2020-11-01",285,4.63195120866574,0.00531952213826057,4.68143742043648,4.67887652073731,-7.63105379977987e-06,-7.63105380041e-06,-0.0008435271258047,-1,-1,-1
41053,"Polk","Oregon",0,4.64163986576949,0,4.64163986576949,"2020-11-02",286,4.65803367554516,-0.00851229890955112,4.57354147449308,4.58205377340263,-0.00275862243908748,-0.00275862243908698,-0.0138318210478117,-1,-1,-1
41053,"Polk","Oregon",-0.00552487593197327,4.5974408583137,0,4.63611498983751,"2020-11-03",287,4.69918082045033,-0.00742952231399269,4.58220368725755,4.58410833363956,-0.00552487593197327,0,0.00108277659555843,-1,0,1
41053,"Polk","Oregon",-0.0111421765532389,4.5469775774116,0,4.62497281328427,"2020-11-04",288,4.75727796418555,-0.0120861269117008,4.5394259745439,4.54036992490236,-0.00561730062126563,0,-0.00465660459770811,-1,0,-1
41053,"Polk","Oregon",-0.00985229644301251,4.54615444174017,0,4.61512051684126,"2020-11-05",289,4.81450454202811,-0.00941197082658654,4.54967704667158,4.54923672105515,0.00128988011022639,0,0.00267415608511426,1,0,1
41053,"Polk","Oregon",-0.00567377408591316,4.56973032415396,0,4.60944674275535,"2020-11-06",290,4.86863274820464,-0.00830896610751675,4.54864878798113,4.55128398000273,0.00417852235709935,0,0.00110300471906979,1,0,1
41053,"Polk","Oregon",0.00567377408591271,4.65483693544265,0.00567377408591252,4.65483693544265,"2020-11-07",291,4.91055183553927,0.00698907495670486,4.66535934240899,4.66404404153819,0.0113475481718259,0.00567377408591252,0.0152980410642216,1,1,1
41053,"Polk","Oregon",0.0168306918244765,4.74976605143707,0.0168306918244765,4.74976605143707,"2020-11-08",292,4.95582705760126,0.0162824408056457,4.74538004328643,4.74592829430526,0.0111569177385638,0.011156917738564,0.00929336584894084,1,1,1
41053,"Polk","Oregon",0.0260824668794164,4.84061094370107,0.0260824668794193,4.84061094370109,"2020-11-09",293,5.00681849556955,0.0248446977649899,4.83070879078566,4.83194655990009,0.0092517750549399,0.0092517750549428,0.0085622569593442,1,1,1
41053,"Polk","Oregon",0.0411471449051731,4.98721083478654,0.0411471449051763,4.98721083478657,"2020-11-10",294,5.05533547301416,0.0400949484721246,4.97879326332216,4.9798454597552,0.0150646780257567,0.015064678025757,0.0152502507071347,1,1,1
41053,"Polk","Oregon",0.0580971437352184,5.16395797033207,0.058097143735214,5.16395797033204,"2020-11-11",295,5.09637602288443,0.0525092744027302,5.11925501567217,5.12484288500466,0.0169499988300453,0.0169499988300377,0.0124143259306056,1,1,1
41053,"Polk","Oregon",0.0572265778425699,5.2150905869261,0.0572265778425667,5.21509058692608,"2020-11-12",296,5.14583196603984,0.050820692653394,5.1638435054127,5.17024939060187,-0.000870565892648494,-0.0008705658926473,-0.0016885817493362,-1,-1,-1
41053,"Polk","Oregon",0.054128206176532,5.24753019144037,0.0541282061765314,5.24753019144036,"2020-11-13",297,5.20086203039732,0.0533824118873134,5.24156383712662,5.24230963141583,-0.0030983716660379,-0.0030983716660353,0.0025617192339194,-1,-1,1
41053,"Polk","Oregon",0.0419190873346325,5.2039854468817,0.0419190873346311,5.20398544688169,"2020-11-14",298,5.2634301075476,0.0411452515784062,5.19779476083189,5.19856859658811,-0.0122091188418995,-0.0122091188419003,-0.0122371603089072,-1,-1,-1
41053,"Polk","Oregon",0.0452752220619814,5.27275361203513,0.0452752220619859,5.27275361203516,"2020-11-15",299,5.32509838922568,0.0457310752965556,5.27640043791171,5.27594458467715,0.0033561347273489,0.0033561347273548,0.0045858237181494,1,1,1
41053,"Polk","Oregon",0.0509914379682925,5.3637585613476,0.0509914379682908,5.36375856134759,"2020-11-16",300,5.38187038936632,0.0503169848585223,5.35836293646944,5.35903738957921,0.0057162159063111,0.0057162159063049,0.00458590956196669,1,1,1
41053,"Polk","Oregon",0.0485169774446147,5.39495431512647,0.0485169774446117,5.39495431512645,"2020-11-17",301,5.44056069977458,0.0478030562810761,5.38924294581816,5.38995686698169,-0.0024744605236778,-0.0024744605236791,-0.00251392857744619,-1,-1,-1
41053,"Polk","Oregon",0.0410405498702647,5.38365987197628,0.0410405498702637,5.38365987197627,"2020-11-18",302,5.49775353406028,0.0434526694008208,5.40295682822073,5.40054470869017,-0.00747642757435,-0.007476427574348,-0.0043503868802553,-1,-1,-1
41053,"Polk","Oregon",0.0494559431554107,5.49202356812772,0.0494559431554142,5.49202356812774,"2020-11-19",303,5.55129707414801,0.0505708322814543,5.50094268113606,5.49982779201002,0.008415393285146,0.0084153932851505,0.0071181628806335,1,1,1
41053,"Polk","Oregon",0.0550300643574782,5.58607248089967,0.0550300643574797,5.58607248089968,"2020-11-20",304,5.60422519343312,0.0559689735847725,5.59358375471802,5.59264484549073,0.0055741212020675,0.0055741212020655,0.0053981413033182,1,1,1
41053,"Polk","Oregon",0.0625680771502757,5.70140664759952,0.0625680771502743,5.70140664759952,"2020-11-21",305,5.66543756834831,0.0630078776298977,5.7049250514365,5.70448525095688,0.00753801279279749,0.0075380127927946,0.00703890404512519,1,1,1
41053,"Polk","Oregon",0.0616682816780811,5.75677636097224,0.0616682816780809,5.75677636097224,"2020-11-22",306,5.72218356002709,0.0595553348032402,5.73987278597352,5.74198573284836,-0.000899795472194598,-0.000899795472193404,-0.0034525428266575,-1,-1,-1
41053,"Polk","Oregon",0.0567720001406428,5.77927439035082,0.05677200014064,5.7792743903508,"2020-11-23",307,5.77897829026776,0.0570679764652891,5.78164220094799,5.78134622462334,-0.0048962815374383,-0.0048962815374409,-0.0024873583379511,-1,-1,-1
41053,"Polk","Oregon",0.0586903104082656,5.85139287263244,0.0586903104082666,5.85139287263245,"2020-11-24",308,5.83230132545718,0.0593450431293019,5.85663073440073,5.85597600167969,0.0019183102676228,0.00191831026762659,0.0022770666640128,1,1,1
41053,"Polk","Oregon",0.0571928342856941,5.89810337406014,0.0571928342856944,5.89810337406014,"2020-11-25",309,5.88848215385512,0.0564528257684209,5.89218330592195,5.89292331443923,-0.0014974761225715,-0.0014974761225722,-0.002892217360881,-1,-1,-1
41053,"Polk","Oregon",0.0535435400877303,5.92610185476212,0.0535435400877287,5.92610185476211,"2020-11-26",310,5.94167388260497,0.0534817525095097,5.92560755413636,5.92566934171458,-0.0036492941979638,-0.0036492941979657,-0.0029710732589112,-1,-1,-1
41053,"Polk","Oregon",0.0529281192851119,5.9747220284289,0.0529281192851112,5.9747220284289,"2020-11-27",311,5.98321633825149,0.0539541907681529,5.98293060029323,5.98190452881019,-0.000615420802618401,-0.000615420802617499,0.000472438258643203,-1,-1,1
41053,"Polk","Oregon",0.0612123749151918,6.09392419275465,0.0612123749151916,6.09392419275465,"2020-11-28",312,6.0217165902785,0.0598184268474342,6.08277260821259,6.08416655628035,0.0082842556300799,0.0082842556300804,0.0058642360792813,1,1,1
41053,"Polk","Oregon",0.056745991678784,6.11940550177858,0.0567459916787847,6.11940550177859,"2020-11-29",313,6.06345292757473,0.0560115496667422,6.11352996568225,6.11426440769428,-0.0044663832364078,-0.00446638323640691,-0.003806877180692,-1,-1,-1
41053,"Polk","Oregon",0.0567947302406616,6.17654140195239,0.0567947302406653,6.17654140195242,"2020-11-30",314,6.09967813174822,0.0567929013940374,6.17652677117939,6.17652860002602,4.87385618776065e-05,4.87385618806041e-05,0.000781351727295203,1,1,1
41053,"Polk","Oregon",0.0533230351894242,6.20556257178315,0.0533230351894201,6.20556257178312,"2020-12-01",315,6.13122648948314,0.0524829852020762,6.19884217188437,6.19968222187171,-0.0034716950512374,-0.0034716950512452,-0.0043099161919612,-1,-1,-1
41053,"Polk","Oregon",0.0561808283979414,6.28174795264071,0.0561808283979444,6.28174795264073,"2020-12-02",316,6.16060436719987,0.0554903867931779,6.2762244198026,6.27691486140737,0.00285779320851719,0.0028577932085243,0.0030074015911017,1,1,1
41053,"Polk","Oregon",0.0531917287498413,6.31401598385386,0.0531917287498445,6.31401598385388,"2020-12-03",317,6.18503215317656,0.0506176814613705,6.29342360554608,6.29599765283456,-0.0029890996481001,-0.0029890996480999,-0.0048727053318074,-1,-1,-1
41053,"Polk","Oregon",0.0415424556465205,6.27401352777713,0.0415424556465194,6.27401352777712,"2020-12-04",318,6.21860011969173,0.041540311679642,6.27399637604211,6.27399852000898,-0.0116492731033208,-0.0116492731033251,-0.0090773697817285,-1,-1,-1
41053,"Polk","Oregon",0.0385002520270123,6.29121835446759,0.0385002520270152,6.29121835446761,"2020-12-05",319,6.24555290227161,0.0390520350196232,6.29563261840847,6.29508083541586,-0.0030422036195082,-0.0030422036195042,-0.0024882766600188,-1,-1,-1
41053,"Polk","Oregon",0.0417363372962334,6.35560728864837,0.0417363372962303,6.35560728864834,"2020-12-06",320,6.26584424831988,0.0408073437353319,6.34817534016116,6.34910433372205,0.0032360852692211,0.0032360852692151,0.0017553087157087,1,1,1
41053,"Polk","Oregon",0.0362252041734856,6.35325456096261,0.0362252041734834,6.3532545609626,"2020-12-07",321,6.28493341514292,0.034918582759495,6.34280158965069,6.34410821106469,-0.0055111331227478,-0.0055111331227469,-0.0058887609758369,-1,-1,-1
41053,"Polk","Oregon",0.0315483577349258,6.35206499362762,0.0315483577349251,6.35206499362762,"2020-12-08",322,6.3018337381702,0.0314423929881947,6.35121727565378,6.3513232404005,-0.0046768464385598,-0.0046768464385583,-0.0034761897713003,-1,-1,-1
41053,"Polk","Oregon",0.0293778777167292,6.36624951121698,0.0293778777167315,6.36624951121699,"2020-12-09",323,6.31432414255198,0.0306154861535263,6.37615037871135,6.37491277027455,-0.0021704800181966,-0.0021704800181936,-0.000826906834668399,-1,-1,-1
41053,"Polk","Oregon",0.0244277859766899,6.35602665501339,0.024427785976691,6.3560266550134,"2020-12-10",324,6.33150184989369,0.0244198983670424,6.35596355413621,6.35597144174586,-0.0049500917400393,-0.0049500917400405,-0.0061955877864839,-1,-1,-1
41053,"Polk","Oregon",0.0335679665151667,6.4535758852979,0.0335679665151654,6.45357588529789,"2020-12-11",325,6.34237289615238,0.0331991836501297,6.4506256223776,6.45099440524264,0.0091401805384768,0.0091401805384744,0.0087792852830873,1,1,1
41053,"Polk","Oregon",0.0269527825798873,6.43422238033082,0.026952782579885,6.43422238033081,"2020-12-12",326,6.34938871044715,0.0277136058668485,6.44030896662652,6.43954814333955,-0.0066151839352794,-0.0066151839352804,-0.0054855777832812,-1,-1,-1
41053,"Polk","Oregon",0.0202913460482706,6.40788367065778,0.0202913460482694,6.40788367065777,"2020-12-13",327,6.3491389913798,0.0217425959018827,6.41949366948667,6.41804241963306,-0.0066614365316167,-0.0066614365316156,-0.0059710099649658,-1,-1,-1
41053,"Polk","Oregon",0.0190891668230376,6.41855758290418,0.0190891668230373,6.41855758290418,"2020-12-14",328,6.34763936600503,0.0201028768728109,6.42666726330237,6.4256535532526,-0.001202179225233,-0.0012021792252321,-0.0016397190290718,-1,-1,-1
41053,"Polk","Oregon",0.0169003230272818,6.42013599936118,0.0169003230272828,6.42013599936118,"2020-12-15",329,6.34488419832604,0.0168548463292235,6.41977218577671,6.41981766247476,-0.0021888437957558,-0.0021888437957545,-0.0032480305435874,-1,-1,-1
41053,"Polk","Oregon",0.0124904043817807,6.40175697322445,0.0124904043817793,6.40175697322444,"2020-12-16",330,6.34136660675929,0.0134086316989555,6.40910279176184,6.40818456444467,-0.0044099186455011,-0.0044099186455035,-0.003446214630268,-1,-1,-1
41053,"Polk","Oregon",0.0171777073417093,6.45174580128566,0.0171777073417081,6.45174580128565,"2020-12-17",331,6.3292114811612,0.0180746081342532,6.45892100762601,6.45802410683346,0.0046873029599286,0.0046873029599288,0.0046659764352977,1,1,1
41053,"Polk","Oregon",0.0108710462586864,6.41847021996318,0.0108710462586865,6.41847021996318,"2020-12-18",332,6.31380681196621,0.0126292328126098,6.43253571239457,6.43077752584065,-0.0063066610830229,-0.0063066610830216,-0.0054453753216434,-1,-1,-1
41053,"Polk","Oregon",0.0070158142947682,6.39849941051052,0.0070158142947685,6.39849941051053,"2020-12-19",333,6.30731749652646,0.0110904699308749,6.43109665559938,6.42702199996327,-0.0038552319639182,-0.003855231963918,-0.0015387628817349,-1,-1,-1
41053,"Polk","Oregon",-0.000249719067346352,6.34739095790837,0,6.3491389913798,"2020-12-20",334,6.29894924685594,-0.0013319283709579,6.33873328347949,6.33981549278309,-0.00726553336211455,-0.0070158142947685,-0.0124223983018328,-1,-1,-1
41053,"Polk","Oregon",-0.00149962537476682,6.33714198838166,0,6.34763936600503,"2020-12-21",335,6.28386760102657,-0.00323078638993951,6.32329270026028,6.32502386127545,-0.00124990630742047,0,-0.00189885801898161,-1,0,-1
41053,"Polk","Oregon",-0.00275516767898847,6.32559802457312,0,6.34488419832604,"2020-12-22",336,6.27233777763043,-0.00387130784469932,6.31666890324744,6.31778504341314,-0.00125554230422165,0,-0.00064052145475981,-1,0,-1
41053,"Polk","Oregon",-0.00351759156675477,6.316743465792,0,6.34136660675929,"2020-12-23",337,6.26094627934434,-0.00466528741427217,6.30756189901186,6.30870959485938,-0.0007624238877663,0,-0.00079397956957285,-1,0,-1
41053,"Polk","Oregon",-0.0121551255980928,6.24412560197455,0,6.3292114811612,"2020-12-24",338,6.24721357245675,-0.0089826598774735,6.2695053277395,6.26633286201888,-0.00863753403133803,0,-0.00431737246320133,-1,0,-1
41053,"Polk","Oregon",-0.0154046691949897,6.20597412760128,0,6.31380681196621,"2020-12-25",339,6.2363695902037,-0.01225718438884,6.23115400605048,6.22800652124433,-0.0032495435968969,0,-0.0032745245113665,-1,0,-1
41053,"Polk","Oregon",-0.00648931543974633,6.26189228844824,0,6.30731749652646,"2020-12-26",340,6.20398039534711,-0.00705867656006096,6.25733739948572,6.25790676060603,0.00891535375524337,0,0.00519850782877904,1,0,1
41053,"Polk","Oregon",-0.00836824967051893,6.24037149916231,0,6.29894924685594,"2020-12-27",341,6.18591463595188,-0.00763412980705081,6.24624445807005,6.24551033820658,-0.0018789342307726,0,-0.00057545324698985,-1,0,-1
41053,"Polk","Oregon",-0.0150816458293664,6.17829608022101,0,6.28386760102657,"2020-12-28",342,6.16931182350702,-0.0116266174011643,6.20593630764663,6.20248127921842,-0.00671339615884747,0,-0.00399248759411349,-1,0,-1
41053,"Polk","Oregon",-0.0115298233961402,6.19162901385745,0,6.27233777763043,"2020-12-29",343,6.15576759839926,-0.0100351837008815,6.20358613141952,6.20209149172426,0.0035518224332262,0,0.0015914337002828,1,0,1
41053,"Polk","Oregon",-0.0113914982860981,6.18120579134165,0,6.26094627934434,"2020-12-30",344,6.14357232530544,-0.0100479718863684,6.19195400253948,6.19061047613976,0.0001383251100421,0,-1.27881854868998e-05,1,0,-1
41053,"Polk","Oregon",-0.0137327068875825,6.15108462424368,0,6.24721357245675,"2020-12-31",345,6.14203740558736,-0.0119200342537754,6.16558600531414,6.16377333268032,-0.0023412086014844,0,-0.001872062367407,-1,0,-1
41053,"Polk","Oregon",-0.0108439822530527,6.16046171443234,0,6.2363695902037,"2021-01-01",346,6.13741845973106,-0.0105105467557113,6.16312919841106,6.16279576291372,0.0028887246345298,0,0.0014094874980641,1,0,1
41053,"Polk","Oregon",-0.0323891948565987,5.97725603135092,0,6.20398039534711,"2021-01-02",347,6.15060276844628,-0.0275696079041713,6.01581272697033,6.01099314001791,-0.021545212603546,0,-0.01705906114846,-1,0,-1
41053,"Polk","Oregon",-0.0180657593952264,6.0594543201853,0,6.18591463595188,"2021-01-03",348,6.16180991285522,-0.0173922395136124,6.06484247923821,6.06416895935659,0.0143234354613723,0,0.0101773683905589,1,0,1
41053,"Polk","Oregon",-0.016602812444865,6.05309213639296,0,6.16931182350702,"2021-01-04",349,6.17912894831243,-0.0168955043566673,6.05075060109854,6.05104329301035,0.0014629469503614,0,0.000496735156945101,1,0,1
41053,"Polk","Oregon",-0.0135442251077579,6.06095802264495,0,6.15576759839926,"2021-01-05",350,6.19031540585315,-0.0142775872024012,6.05509112588781,6.05582448798245,0.0030585873371071,0,0.0026179171542661,1,0,1
41053,"Polk","Oregon",-0.0121952730938186,6.05820541364871,0,6.14357232530544,"2021-01-06",351,6.19789782771617,-0.0138229892005184,6.04518368479511,6.04681140090181,0.0013489520139393,0,0.0004545980018828,1,0,1
41053,"Polk","Oregon",-0.00153491971808404,6.13129296756077,0,6.14203740558736,"2021-01-07",352,6.20137810965131,-0.00730064986963022,6.0851671263484,6.09093285649995,0.0106603533757346,0,0.00652233933088818,1,0,1
41053,"Polk","Oregon",-0.00461894585629407,6.105085838737,0,6.13741845973106,"2021-01-08",353,6.21375058800806,-0.0088135106538741,6.07152932035637,6.07572388515394,-0.00308402613821003,0,-0.00151286078424388,-1,0,-1
41053,"Polk","Oregon",0.0131843087152161,6.24289292945279,0.0131843087152168,6.2428929294528,"2021-01-09",354,6.22766533757884,0.0093853416610322,6.21250119301932,6.21630016007351,0.0178032545715102,0.0131843087152168,0.0181988523149063,1,1,1
41053,"Polk","Oregon",0.0112071444089407,6.24025992371781,0.0112071444089414,6.24025992371781,"2021-01-10",355,6.24138912109983,0.00747964971978407,6.21043996620455,6.21416746089371,-0.0019771643062754,-0.0019771643062754,-0.00190569194124813,-1,-1,-1
41053,"Polk","Oregon",0.0173190354572103,6.30036219651291,0.0173190354572128,6.30036219651292,"2021-01-11",356,6.26149168432104,0.0131277171022778,6.26683164967344,6.27102296802837,0.0061118910482696,0.0061118910482714,0.00564806738249373,1,1,1
41053,"Polk","Oregon",0.0111864575407143,6.26862060863815,0.0111864575407141,6.26862060863815,"2021-01-12",357,6.2806633259218,0.00978380328750466,6.25739937461247,6.25880202886568,-0.006132577916496,-0.0061325779164987,-0.00334391381477314,-1,-1,-1
41053,"Polk","Oregon",0.00758242186302439,6.25097478075734,0.00758242186302471,6.25097478075735,"2021-01-13",358,6.29999911571878,0.00699328485122657,6.24626168466296,6.24685082167476,-0.00360403567768991,-0.00360403567768939,-0.00279051843627809,-1,-1,-1
41053,"Polk","Oregon",0.00348028193513638,6.22574008319726,0.00348028193513716,6.22574008319727,"2021-01-14",359,6.31639079273214,0.00524060068030678,6.23982263315862,6.23806231441346,-0.00410213992788801,-0.00410213992788755,-0.00175268417091979,-1,-1,-1
41053,"Polk","Oregon",0.0123724783567546,6.30035793650535,0.0123724783567543,6.30035793650534,"2021-01-15",360,6.33023007050315,0.0114157107572716,6.29270379570948,6.29366056330896,0.00889219642161822,0.00889219642161714,0.00617511007696482,1,1,1
41053,"Polk","Oregon",0.013914749570777,6.32506858457428,0.0139147495707768,6.32506858457428,"2021-01-16",361,6.34186987803312,0.01187064500491,6.30871574804734,6.31075985261321,0.0015422712140224,0.0015422712140225,0.0004549342476384,1,1,1
41053,"Polk","Oregon",0.0137237835209951,6.3374556057468,0.0137237835209945,6.3374556057468,"2021-01-17",362,6.35833731602316,0.0116073822049577,6.3205243952185,6.32264079653453,-0.0001909660497819,-0.000190966049782299,-0.000263262799952301,-1,-1,-1
41053,"Polk","Oregon",0.0201025632212059,6.40220962686948,0.0201025632212071,6.40220962686949,"2021-01-18",363,6.35957386867238,0.0165148515209793,6.37350793326766,6.37709564496789,0.0063787797002108,0.0063787797002126,0.0049074693160216,1,1,1
41053,"Polk","Oregon",0.0191716416007569,6.4148648171271,0.0191716416007583,6.41486481712711,"2021-01-19",364,6.36450484513298,0.0164825219580891,6.39335185998575,6.39604097962842,-0.000930921620449002,-0.000930921620448801,-3.23295628901973e-05,-1,-1,-1
41053,"Polk","Oregon",0.0193357897969817,6.43534964429765,0.0193357897969797,6.43534964429764,"2021-01-20",365,6.36573379944767,0.0176286648482601,6.42169264470788,6.4233997696566,0.0001641481962248,0.0001641481962214,0.001146142890171,1,1,1
41053,"Polk","Oregon",0.016391677013357,6.43113253182563,0.0163916770133552,6.43113253182562,"2021-01-21",366,6.36916685823879,0.0147636471648889,6.41810829303789,6.41973632288636,-0.0029441127836247,-0.0029441127836245,-0.0028650176833712,-1,-1,-1
41053,"Polk","Oregon",0.0138392777710099,6.42710501490022,0.0138392777710106,6.42710501490022,"2021-01-22",367,6.36597940917505,0.0130046254563476,6.42042779638292,6.42126244869758,-0.0025523992423471,-0.0025523992423446,-0.0017590217085413,-1,-1,-1
41053,"Polk","Oregon",0.0116398075299734,6.42334853074293,0.0116398075299733,6.42334853074293,"2021-01-23",368,6.3617958174942,0.0112783029129173,6.42045649380649,6.42081799842354,-0.0021994702410365,-0.0021994702410373,-0.0017263225434303,-1,-1,-1
41053,"Polk","Oregon",0.0164674379900413,6.47360938195345,0.0164674379900411,6.47360938195345,"2021-01-24",369,6.34463335171743,0.0158886136454297,6.46897878719656,6.46955761154117,0.0048276304600679,0.0048276304600678,0.0046103107325124,1,1,1
41053,"Polk","Oregon",0.00123655264921976,6.36822973721692,0.00123655264921751,6.3682297372169,"2021-01-25",370,6.3297209055227,0.00403632416846027,6.39062790937084,6.3878281378516,-0.0152308853408215,-0.0152308853408236,-0.0118522894769694,-1,-1,-1
41053,"Polk","Oregon",0.0049309764606001,6.39902168035718,0.00493097646060114,6.39902168035719,"2021-01-26",371,6.30939866273028,0.00715753222600718,6.41683412648044,6.41460757071503,0.00369442381138034,0.00369442381138363,0.00312120805754691,1,1,1
41053,"Polk","Oregon",0.00122895431468705,6.37433647965048,0.00122895431468706,6.37433647965048,"2021-01-27",372,6.29315518271395,0.00409785565398029,6.39728769036482,6.39441878902553,-0.00370202214591305,-0.00370202214591408,-0.00305967657202689,-1,-1,-1
41053,"Polk","Oregon",0.00343305879112556,6.39319826977667,0.0034330587911251,6.39319826977667,"2021-01-28",373,6.2763749248174,0.00577677060398448,6.41194796427955,6.40960425246668,0.00220410447643851,0.00220410447643804,0.00167891495000419,1,1,1
41053,"Polk","Oregon",-0.00318744906374475,6.34366726572883,0,6.36597940917505,"2021-01-29",374,6.26312611671976,-0.00402613955523406,6.33695774179692,6.33779643228841,-0.00662050785487031,-0.0034330587911251,-0.00980291015921854,-1,-1,-1
41053,"Polk","Oregon",-0.00418359168084864,6.33251067572826,0,6.3617958174942,"2021-01-30",375,6.24277897538889,-0.00579246822121745,6.31963966340531,6.32124853994568,-0.00099614261710389,0,-0.00176632866598339,-1,0,-1
41053,"Polk","Oregon",-0.0171624657767719,6.22449609128002,0,6.34463335171743,"2021-01-31",376,6.21660610108486,-0.0163671994146598,6.23085822217692,6.23006295581481,-0.0129788740959233,0,-0.0105747311934423,-1,0,-1
41053,"Polk","Oregon",-0.0149124461947256,6.22533378215962,0,6.3297209055227,"2021-02-01",377,6.19382213066236,-0.0145301496893414,6.2283921542027,6.22800985769731,0.0022500195820463,0,0.0018370497253184,1,0,1
41053,"Polk","Oregon",-0.0203222427924121,6.1671429631834,0,6.30939866273028,"2021-02-02",378,6.16751649088834,-0.0192491337301499,6.1757278356815,6.17465472661923,-0.0054097965976865,0,-0.0047189840408085,-1,0,-1
41053,"Polk","Oregon",-0.0162434800163277,6.17945082259966,0,6.29315518271395,"2021-02-03",379,6.14663511483599,-0.0168641448200808,6.17448550416963,6.17510616897338,0.0040787627760844,0,0.0023849889100691,1,0,1
41053,"Polk","Oregon",-0.0167802578965545,6.15891311954152,0,6.2763749248174,"2021-02-04",380,6.11935505984242,-0.0173514168279881,6.15434384809005,6.15491500702148,-0.0005367778802268,0,-0.0004872720079073,-1,0,-1
41053,"Polk","Oregon",-0.0132488080976427,6.17038446003626,0,6.26312611671976,"2021-02-05",381,6.09163303606338,-0.0135162678684013,6.16824478187019,6.16851224164095,0.0035314497989118,0,0.0038351489595868,1,0,1
41053,"Polk","Oregon",-0.020347141330874,6.10034898607277,0,6.24277897538889,"2021-02-06",382,6.0671019613136,-0.0207941852738928,6.09677263452862,6.09721967847164,-0.0070983332332313,0,-0.0072779174054915,-1,0,-1
41053,"Polk","Oregon",-0.0261728743040187,6.03339598095673,0,6.21660610108486,"2021-02-07",383,6.05175297796479,-0.0262208883419412,6.03301186865336,6.03305988269127,-0.0058257329731447,0,-0.0054267030680484,-1,0,-1
41053,"Polk","Oregon",-0.0227839704225041,6.03433433770483,0,6.19382213066236,"2021-02-08",384,6.03102860790412,-0.0236801188879115,6.02716514998157,6.02806129844698,0.0033889038815146,0,0.0025407694540297,1,0,1
41053,"Polk","Oregon",-0.0263056397740196,5.9833770124702,0,6.16751649088834,"2021-02-09",385,6.01859321449623,-0.0260578740854723,5.98535913797858,5.98511137229003,-0.0035216693515155,0,-0.0023777551975608,-1,0,-1
41053,"Polk","Oregon",-0.0208813760523598,6.00046548246947,0,6.14663511483599,"2021-02-10",386,6.00106120863828,-0.0216774952448861,5.99409652892925,5.99489264812179,0.0054242637216598,0,0.0043803788405862,1,0,1
41053,"Polk","Oregon",-0.0272800549935604,5.9283946748875,0,6.11935505984242,"2021-02-11",387,5.98896141688986,-0.0279914891196356,5.9227032018789,5.92341463600497,-0.0063986789412006,0,-0.0063139938747495,-1,0,-1
41053,"Polk","Oregon",-0.0277220237790376,5.89757886961012,0,6.09163303606338,"2021-02-12",388,5.97453635608729,-0.0286750617612672,5.88995456575228,5.89090760373451,-0.000441968785477202,0,-0.000683572641631599,-1,0,-1
41053,"Polk","Oregon",-0.0245310747497795,5.89538443806514,0,6.0671019613136,"2021-02-13",389,5.95916270044335,-0.024905122588433,5.89239205535592,5.89276610319457,0.0031909490292581,0,0.0037699391728342,1,0,1
41053,"Polk","Oregon",-0.0153489833488117,5.94431009452311,0,6.05175297796479,"2021-02-14",390,5.93715920225044,-0.0175771148644925,5.92648504239766,5.92871317391334,0.0091820914009678,0,0.0073280077239405,1,0,1
41053,"Polk","Oregon",-0.02072437006067,5.88595801747943,0,6.03102860790412,"2021-02-15",391,5.91889385427315,-0.0221780983310621,5.87432819131629,5.87578191958668,-0.0053753867118583,0,-0.0046009834665696,-1,0,-1
41053,"Polk","Oregon",-0.012435393407883,5.93154546064105,0,6.01859321449623,"2021-02-16",392,5.89676132592414,-0.0157795313195378,5.90479235734782,5.90813649525947,0.008288976652787,0,0.0063985670115243,1,0,1
41053,"Polk","Oregon",-0.0175320058579594,5.87833716763256,0,6.00106120863828,"2021-02-17",393,5.87452936620687,-0.0191895797418196,5.86507657656167,5.86673415044554,-0.0050966124500764,0,-0.0034100484222818,-1,0,-1
41053,"Polk","Oregon",-0.0120997917484159,5.90426287465095,0,5.98896141688986,"2021-02-18",394,5.85014782526081,-0.0143980125836702,5.88587710796892,5.88817532880417,0.0054322141095435,0,0.0047915671581494,1,0,1
41053,"Polk","Oregon",-0.0144250608025713,5.87356093046929,0,5.97453635608729,"2021-02-19",395,5.82936569743155,-0.0159113589366141,5.86167054539695,5.86315684353099,-0.0023252690541554,0,-0.0015133463529439,-1,0,-1
41053,"Polk","Oregon",-0.0153736556439412,5.85154711093576,0,5.95916270044335,"2021-02-20",396,5.8059951840233,-0.0171949359837899,5.83697686821697,5.83879814855682,-0.000948594841369901,0,-0.0012835770471758,-1,0,-1
41053,"Polk","Oregon",-0.0220034981929083,5.78313471490008,0,5.93715920225044,"2021-02-21",397,5.78382518232974,-0.0222561084990369,5.78111383245106,5.78136644275718,-0.0066298425489671,0,-0.005061172515247,-1,0,-1
41053,"Polk","Oregon",-0.0182653479772949,5.79103641843208,0,5.91889385427315,"2021-02-22",398,5.77321969185142,-0.0190990490641794,5.784366809737,5.78520051082389,0.0037381502156134,0,0.0031570594348575,1,0,1
41053,"Polk","Oregon",-0.0221325283489983,5.74183362748116,0,5.89676132592414,"2021-02-23",399,5.75347925720142,-0.0209005668756403,5.75168931926803,5.75045735779466,-0.0038671803717034,0,-0.0018015178114609,-1,0,-1
41053,"Polk","Oregon",-0.0222319597172815,5.7189056481859,0,5.87452936620687,"2021-02-24",400,5.72591664882347,-0.0217785509759254,5.72253291811674,5.72207950937539,-9.94313682831996e-05,0,-0.000877984100285101,-1,0,-1
41053,"Polk","Oregon",-0.02438154094606,5.67947703863839,0,5.85014782526081,"2021-02-25",401,5.69613425381795,-0.0240877107545254,5.68182768017067,5.68153384997913,-0.0021495812287785,0,-0.0023091597786,-1,0,-1
41053,"Polk","Oregon",-0.0207821278292568,5.68389080262675,0,5.82936569743155,"2021-02-26",402,5.66444746925752,-0.0201712316726109,5.68877797187992,5.68816707572327,0.0035994131168032,0,0.0039164790819145,1,0,1
41053,"Polk","Oregon",-0.0233705134082503,5.64240159016554,0,5.8059951840233,"2021-02-27",403,5.6378461516518,-0.0230894030170291,5.64465047329532,5.6443693629041,-0.0025883855789935,0,-0.0029181713444182,-1,0,-1
41053,"Polk","Oregon",-0.0221700016935562,5.62863517047484,0,5.78382518232974,"2021-02-28",404,5.61832832611518,-0.0215995908628538,5.63319845712047,5.63262804628976,0.0012005117146941,0,0.0014898121541753,1,0,1
41053,"Polk","Oregon",-0.0106054904783189,5.69898125850319,0,5.77321969185142,"2021-03-01",405,5.58671346973347,-0.0141080507553624,5.67096077628684,5.67446333656388,0.0115645112152373,0,0.0074915401074914,1,0,1
41053,"Polk","Oregon",-0.0197404346499973,5.61529621465144,0,5.75347925720142,"2021-03-02",406,5.56123093067229,-0.0204969027683732,5.60924446970443,5.61000093782281,-0.0091349441716784,0,-0.0063888520130108,-1,0,-1
41053,"Polk","Oregon",-0.0275626083779578,5.53297839017776,0,5.72591664882347,"2021-03-03",407,5.53451815701889,-0.026287359284734,5.54318038292355,5.54190513383033,-0.0078221737279605,0,-0.0057904565163608,-1,0,-1
41053,"Polk","Oregon",-0.0297823950055244,5.48765748877927,0,5.69613425381795,"2021-03-04",408,5.50765172258806,-0.0290598967636861,5.49343747471398,5.49271497647215,-0.0022197866275666,0,-0.0027725374789521,-1,0,-1
41053,"Polk","Oregon",-0.0316867845604231,5.44263997733456,0,5.66444746925752,"2021-03-05",409,5.47287073369548,-0.0302746415752104,5.45393712121627,5.45252497823105,-0.0019043895548987,0,-0.0012147448115243,-1,0,-1
41053,"Polk","Oregon",-0.0266013176057207,5.45163692841175,0,5.6378461516518,"2021-03-06",410,5.43059797727091,-0.0267408640014104,5.45052055724624,5.45066010364193,0.0050854669547024,0,0.0035337775738,1,0,1
41053,"Polk","Oregon",-0.0195178255366214,5.48170354735883,0,5.61832832611518,"2021-03-07",411,5.38515015616332,-0.0200154645589994,5.47772243517981,5.47822007420218,0.0070834920690993,0,0.006725399442411,1,0,1
41053,"Polk","Oregon",-0.0316148563817035,5.36540947506155,0,5.58671346973347,"2021-03-08",412,5.34438273339128,-0.0294959423103181,5.38236078763263,5.38024187356124,-0.0120970308450821,0,-0.0094804777513187,-1,0,-1
41053,"Polk","Oregon",-0.0254825390611771,5.38285315724405,0,5.56123093067229,"2021-03-09",413,5.31038709063537,-0.0245312087377911,5.39046379983114,5.38951246950775,0.0061323173205264,0,0.004964733572527,1,0,1
41053,"Polk","Oregon",-0.0267127736534036,5.34752874144507,0,5.53451815701889,"2021-03-10",414,5.28102586943798,-0.0270584130586029,5.34476362620347,5.34510926560867,-0.0012302345922265,0,-0.0025272043208118,-1,0,-1
41053,"Polk","Oregon",-0.0268664344308286,5.31958668157226,0,5.50765172258806,"2021-03-11",415,5.25376819663586,-0.0267482233910708,5.32053236989032,5.32041415885056,-0.000153660777424999,0,0.000310189667532101,-1,0,1
41053,"Polk","Oregon",-0.0347809888925846,5.22940381144739,0,5.47287073369548,"2021-03-12",416,5.22804817070148,-0.0336872470467266,5.23815374621425,5.23706000436839,-0.007914554461756,0,-0.0069390236556558,-1,0,-1
41053,"Polk","Oregon",-0.0422727564245669,5.13468868229894,0,5.43059797727091,"2021-03-13",417,5.20086203039732,-0.0400122081555674,5.15277306845094,5.15051252018194,-0.00749176753198229,0,-0.0063249611088408,-1,0,-1
41053,"Polk","Oregon",-0.045447821107589,5.0670154084102,0,5.38515015616332,"2021-03-14",418,5.17048399503815,-0.0428846652742343,5.08752065507704,5.08495749924368,-0.0031750646830221,0,-0.0028724571186669,-1,0,-1
41053,"Polk","Oregon",-0.040767422772038,5.05901077398702,0,5.34438273339128,"2021-03-15",419,5.14249862962008,-0.0381230195705366,5.08016599959903,5.07752159639752,0.004680398335551,0,0.0047616457036977,1,0,1
41053,"Polk","Oregon",-0.0339956427559219,5.07241759134391,0,5.31038709063537,"2021-03-16",420,5.10334469220053,-0.0320981338335062,5.08759766272323,5.08570015380083,0.0067717800161161,0,0.0060248857370304,1,0,1
41053,"Polk","Oregon",-0.029361221197383,5.0754973210563,0,5.28102586943798,"2021-03-17",421,5.05715530973115,-0.0283963386766552,5.08321638122213,5.08225149870139,0.0046344215585389,0,0.003701795156851,1,0,1
41053,"Polk","Oregon",-0.0272576728021234,5.06296448702099,0,5.25376819663586,"2021-03-18",422,5.01063529409626,-0.0261071207665817,5.07216890330533,5.07101835126979,0.0021035483952596,0,0.0022892179100735,1,0,1
41053,"Polk","Oregon",-0.0257200259343763,5.04800798916084,0,5.22804817070148,"2021-03-19",423,4.95984312725615,-0.0244373418384843,5.05826946192798,5.05698677783209,0.0015376468677471,0,0.0016697789280974,1,0,1
41053,"Polk","Oregon",-0.0271861403041534,5.01055904826825,0,5.20086203039732,"2021-03-20",424,4.90949864955462,-0.0269051067380473,5.0128073167971,5.01252628323099,-0.0014661143697771,0,-0.002467764899563,-1,0,-1
41053,"Polk","Oregon",-0.0303780353591721,4.95783774752395,0,5.17048399503815,"2021-03-21",425,4.85759510855303,-0.0286435187778645,4.9717138801744,4.9699793635931,-0.0031918950550187,0,-0.0017384120398172,-1,0,-1
41053,"Polk","Oregon",-0.0279853654180705,4.94660107169359,0,5.14249862962008,"2021-03-22",426,4.78630055741189,-0.0277078193019635,4.94882144062244,4.94854389450634,0.0023926699411016,0,0.000935699475901001,1,0,1
41053,"Polk","Oregon",-0.0391539374195575,4.82926713026362,0,5.10334469220053,"2021-03-23",427,4.71977356872709,-0.0359775926542314,4.85467788838623,4.85150154362091,-0.011168572001487,0,-0.0082697733522679,-1,0,-1
41053,"Polk","Oregon",-0.0461893824693695,4.73382963244556,0,5.05715530973115,"2021-03-24",428,4.67149282891917,-0.0402909687920324,4.78101694186427,4.77511852818692,-0.007035445049812,0,-0.004313376137801,-1,0,-1
41053,"Polk","Oregon",-0.0465200156348932,4.684995184652,0,5.01063529409626,"2021-03-25",429,4.63472898822964,-0.0413334424468094,4.72648777015667,4.72130119696859,-0.000330633165523696,0,-0.001042473654777,-1,0,-1
41053,"Polk","Oregon",-0.0507921668400963,4.60429795937548,0,4.95984312725615,"2021-03-26",430,4.62216776235667,-0.0430553841919657,4.66619222056053,4.65845543791239,-0.0042721512052031,0,-0.0017219417451563,-1,0,-1
41053,"Polk","Oregon",-0.0503444777015402,4.55708730564384,0,4.90949864955462,"2021-03-27",431,4.61653394463841,-0.0448015340667853,4.60143085472187,4.59588791108712,0.000447689138556098,0,-0.00174614987481959,1,0,-1
41053,"Polk","Oregon",-0.0519035410015958,4.49427032154186,0,4.85759510855303,"2021-03-28",432,4.62497281328427,-0.046342626174488,4.53875764015872,4.53319672533161,-0.0015590633000556,0,-0.0015410921077027,-1,0,-1
41053,"Polk","Oregon",-0.0712945511411383,4.28723869942393,0,4.78630055741189,"2021-03-29",433,4.64439089914137,-0.0565622940828306,4.40509675589039,4.39036449883208,-0.0193910101395425,0,-0.0102196679083426,-1,0,-1
41053,"Polk","Oregon",-0.0665269886847934,4.25408464793354,0,4.71977356872709,"2021-03-30",434,4.67416305747504,-0.0547523716176515,4.34828158447068,4.33650696740353,0.0047675624563449,0,0.0018099224651791,1,0,1
41053,"Polk","Oregon",-0.0482807398079325,4.33352765026364,0,4.67149282891917,"2021-03-31",435,4.69787958409236,-0.0447051653311757,4.36213224607768,4.35855667160094,0.0182462488768609,0,0.0100472062864758,1,0,1
41053,"Polk","Oregon",-0.0367638406895281,4.37738210340294,0,4.63472898822964,"2021-04-01",436,4.73117331219182,-0.0354029623672957,4.3882691299808,4.38690825165857,0.0115168991184044,0,0.00930220296388001,1,0,1
41053,"Polk","Oregon",-0.0125612258729683,4.53423918124589,0,4.62216776235667,"2021-04-02",437,4.76217393479776,-0.0141602650325922,4.5214468679689,4.52304590712852,0.0242026148165598,0,0.0212426973347035,1,0,1
41053,"Polk","Oregon",-0.00563381771826165,4.57709722061057,0,4.61653394463841,"2021-04-03",438,4.80050197951806,-0.00699040093696503,4.56624455486095,4.56760113807965,0.00692740815470665,0,0.00716986409562717,1,0,1
41053,"Polk","Oregon",0.00843886864586617,4.68404489380533,0.0084388686458654,4.68404489380533,"2021-04-04",439,4.84867643182119,0.0105008429182466,4.70054068798438,4.698478713712,0.0140726863641278,0.0084388686458654,0.0174912438552116,1,1,1
41053,"Polk","Oregon",0.019418085857103,4.78031750014109,0.0194180858571018,4.78031750014109,"2021-04-05",440,4.90844435319971,0.0194433939098182,4.78051996456282,4.7804946565101,0.0109792172112368,0.0109792172112364,0.0089425509915716,1,1,1
41053,"Polk","Oregon",0.0297721583336704,4.88256816581073,0.0297721583336692,4.88256816581073,"2021-04-06",441,4.95783710852928,0.0282363107566505,4.87028138519457,4.87181723277159,0.0103540724765674,0.0103540724765674,0.0087929168468323,1,1,1
41053,"Polk","Oregon",0.0237165266173198,4.8638952704136,0.0237165266173198,4.8638952704136,"2021-04-07",442,5.00777406181523,0.0233222790727766,4.86074129005725,4.8611355376018,-0.0060556317163506,-0.0060556317163494,-0.0049140316838739,-1,-1,-1
41053,"Polk","Oregon",0.0332937280994539,4.964229408888,0.0332937280994567,4.96422940888802,"2021-04-08",443,5.05624580534831,0.0327976867005155,4.96026107769648,4.96075711909543,0.0095772014821341,0.0095772014821369,0.0094754076277389,1,1,1
41053,"Polk","Oregon",0.03100062260594,4.97917829303934,0.0310006226059381,4.97917829303932,"2021-04-09",444,5.10073712879344,0.0295291343932311,4.96740638733767,4.96887787555038,-0.0022931054935139,-0.0022931054935186,-0.0032685523072844,-1,-1,-1
41053,"Polk","Oregon",0.0383280447203107,5.06879829256024,0.0383280447203083,5.06879829256022,"2021-04-10",445,5.14499967302467,0.0343361062843774,5.03686278507278,5.0408547235087,0.0073274221143707,0.0073274221143702,0.0048069718911463,1,1,1
41053,"Polk","Oregon",0.0481744523031235,5.18589759794305,0.0481744523031242,5.18589759794306,"2021-04-11",446,5.18738580584075,0.0428244625388286,5.14309767982869,5.14844766959299,0.0098464075828128,0.0098464075828159,0.0084883562544512,1,1,1
41053,"Polk","Oregon",0.0597679213785212,5.32681980284935,0.0597679213785165,5.32681980284932,"2021-04-12",447,5.21958332600553,0.0473846690911531,5.22775378455041,5.24013703683778,0.0115934690753977,0.0115934690753923,0.0045602065523245,1,1,1
41053,"Polk","Oregon",0.0493927553295695,5.30358639583627,0.0493927553295777,5.30358639583633,"2021-04-13",448,5.25302109163286,0.0420802729698328,5.24508653695837,5.25239901931811,-0.0103751660489517,-0.0103751660489388,-0.0053043961213203,-1,-1,-1
41053,"Polk","Oregon",0.0499369532859419,5.35733273481682,0.0499369532859433,5.35733273481683,"2021-04-14",449,5.29258669183905,0.0459086891325999,5.32510662159008,5.32913488574343,0.000544197956372401,0.000544197956365601,0.0038284161627671,1,1,1
41053,"Polk","Oregon",0.0484717435330777,5.39554801007985,0.0484717435330815,5.39554801007988,"2021-04-15",450,5.33271879326537,0.0440337105001618,5.36004374581652,5.36448177884944,-0.0014652097528642,-0.0014652097528618,-0.0018749786324381,-1,-1,-1
41053,"Polk","Oregon",0.0444913234451295,5.41217639290935,0.0444913234451336,5.41217639290938,"2021-04-16",451,5.36997335545447,0.0399198047909859,5.3756042436762,5.38017576233034,-0.0039804200879482,-0.0039804200879479,-0.0041139057091759,-1,-1,-1
41053,"Polk","Oregon",0.044262544231233,5.4548374826433,0.0442625442312314,5.45483748264329,"2021-04-17",452,5.40074501412123,0.0422729491751821,5.4389207221949,5.44091031725094,-0.000228779213896503,-0.0002287792139022,0.0023531443841962,-1,-1,1
41053,"Polk","Oregon",0.0423861328160797,5.48408873555331,0.0423861328160822,5.48408873555333,"2021-04-18",453,5.4299719991597,0.0407686902442823,5.47114919497893,5.47276663755073,-0.0018764114151533,-0.0018764114151492,-0.0015042589308998,-1,-1,-1
41053,"Polk","Oregon",0.0321975201647807,5.444965967159,0.0321975201647788,5.44496596715899,"2021-04-19",454,5.46625018588989,0.0348073716051084,5.46584477868162,5.46323492724129,-0.010188612651299,-0.0101886126513034,-0.0059613186391739,-1,-1,-1
41053,"Polk","Oregon",0.0334377656273276,5.48708545102415,0.0334377656273261,5.48708545102414,"2021-04-20",455,5.49892312483688,0.0339884660338569,5.49149105427639,5.49094035386986,0.0012402454625469,0.0012402454625473,-0.000818905571251499,1,1,-1
41053,"Polk","Oregon",0.0395656002061972,5.56954589328243,0.0395656002061928,5.5695458932824,"2021-04-21",456,5.52715893897688,0.0393169502878381,5.56755669393556,5.56780534385392,0.0061278345788696,0.0061278345788667,0.0053284842539812,1,1,1
41053,"Polk","Oregon",0.0401321014263163,5.61364350324958,0.0401321014263161,5.61364350324958,"2021-04-22",457,5.55129707414801,0.041160521114065,5.62187086075157,5.62084244106382,0.000566501220119101,0.000566501220123299,0.0018435708262269,1,1,1
41053,"Polk","Oregon",0.0372545621891084,5.63075529077823,0.0372545621891041,5.6307552907782,"2021-04-23",458,5.57323980861451,0.0390204262144558,5.64488220298102,5.64311633895566,-0.0028775392372079,-0.002877539237212,-0.0021400948996092,-1,-1,-1
41053,"Polk","Oregon",0.0307716586667547,5.61614662478851,0.0307716586667546,5.61614662478851,"2021-04-24",459,5.59258485035815,0.0323501837081131,5.62877482511938,5.62719630007802,-0.0064829035223537,-0.0064829035223495,-0.0066702425063427,-1,-1,-1
41053,"Polk","Oregon",0.0292269850384685,5.63456089442898,0.0292269850384708,5.63456089442899,"2021-04-25",460,5.60527671824084,0.0304787083449978,5.64457468088121,5.64332295757468,-0.0015446736282862,-0.0015446736282838,-0.0018714753631153,-1,-1,-1
41053,"Polk","Oregon",0.0362781867301949,5.72019749300126,0.0362781867301951,5.72019749300126,"2021-04-26",461,5.60947179518496,0.0367049541801512,5.72361163260091,5.72318486515095,0.0070512016917264,0.0070512016917243,0.0062262458351534,1,1,1
41053,"Polk","Oregon",0.0326729389469868,5.72763369746579,0.0326729389469849,5.72763369746577,"2021-04-27",462,5.61051782038494,0.0336733915504695,5.73563731829365,5.73463686569017,-0.0036052477832081,-0.0036052477832102,-0.0030315626296817,-1,-1,-1
41053,"Polk","Oregon",0.0282358141400026,5.7248096379569,0.0282358141400039,5.72480963795691,"2021-04-28",463,5.60999494455603,0.029139170221242,5.73203648660682,5.73113313052557,-0.0044371248069842,-0.004437124806981,-0.0045342213292275,-1,-1,-1
41053,"Polk","Oregon",0.0241381351711237,5.72026402034587,0.0241381351711238,5.72026402034587,"2021-04-29",464,5.6073764565451,0.0258162004204884,5.73368854234079,5.73201047709143,-0.0040976789688789,-0.0040976789688801,-0.0033229698007536,-1,-1,-1
41053,"Polk","Oregon",0.0219427344665014,5.72683894988002,0.0219427344665029,5.72683894988003,"2021-04-30",465,5.60317256175697,0.0236756334954874,5.74070214211191,5.73896924308292,-0.0021954007046223,-0.0021954007046209,-0.002140566925001,-1,-1,-1
41053,"Polk","Oregon",0.0193450417436418,5.72800014256364,0.0193450417436418,5.72800014256364,"2021-05-01",466,5.59895091960314,0.0227432260069589,5.75518561667018,5.75178743240686,-0.0025976927228596,-0.0025976927228611,-0.000932407488528499,-1,-1,-1
41053,"Polk","Oregon",0.0126918678826869,5.69411979341965,0.0126918678826859,5.69411979341964,"2021-05-02",467,5.59736319765013,0.016696859738695,5.72615972826771,5.72215473641171,-0.0066531738609549,-0.0066531738609559,-0.0060463662682639,-1,-1,-1
41053,"Polk","Oregon",0.00419507694412379,5.63883733379383,0.00419507694412324,5.63883733379382,"2021-05-03",468,5.59842195899838,0.0104018581922389,5.68849158377875,5.68228480253063,-0.00849679093856311,-0.00849679093856266,-0.0062950015464561,-1,-1,-1
41053,"Polk","Oregon",0.00104602519997674,5.61783999678478,0.00104602519997865,5.61783999678479,"2021-05-04",469,5.60947179518496,0.00851946945791035,5.67762755084824,5.67015410659031,-0.00314905174414705,-0.00314905174414459,-0.00188238873432855,-1,-1,-1
41053,"Polk","Oregon",-0.00052287582890717,5.60633481375368,0,5.60999494455603,"2021-05-05",470,5.62246911878121,-0.00221650766609072,5.59278575905621,5.59447939089339,-0.00156890102888391,-0.00104602519997865,-0.0107359771240011,-1,-1,-1
41053,"Polk","Oregon",-0.00261848801092625,5.58904704046862,0,5.6073764565451,"2021-05-06",471,5.63274670153945,-0.00343837610064434,5.58248793575088,5.58330782384059,-0.00209561218201908,0,-0.00122186843455362,-1,0,-1
41053,"Polk","Oregon",-0.00420389478813124,5.57374529824005,0,5.60317256175697,"2021-05-07",472,5.63937092958381,-0.00357586567201392,5.57876953116899,5.57814150205287,-0.00158540677720499,0,-0.00013748957136958,-1,0,-1
41053,"Polk","Oregon",-0.00422164215382833,5.56939942452635,0,5.59895091960314,"2021-05-08",473,5.64645597946448,-0.00320434045614984,5.57753783810777,5.57652053641009,-1.774736569709e-05,0,0.00037152521586408,-1,0,1
41053,"Polk","Oregon",-0.00158772195300794,5.58624914397908,0,5.59736319765013,"2021-05-09",474,5.65248918026865,-0.00261437759660061,5.57803589883033,5.57906255447393,0.00263392020082039,0,0.00058996285954923,1,0,1
41053,"Polk","Oregon",0.00105876134824045,5.60583328843606,0.0010587613482409,5.60583328843606,"2021-05-10",475,5.65248918026865,0.00703135649581363,5.65361404961664,5.64764145446908,0.00264648330124839,0.0010587613482409,0.00964573409241424,1,1,1
41053,"Polk","Oregon",0.0110498361865856,5.68682064849106,0.0110498361865847,5.68682064849105,"2021-05-11",476,5.64241352827991,0.0132081460049623,5.70408712703808,5.7019288172197,0.00999107483834515,0.0099910748383438,0.00617678950914867,1,1,1
41053,"Polk","Oregon",0.0129973235962493,5.71345038395495,0.0129973235962506,5.71345038395496,"2021-05-12",477,5.62967450250248,0.0152183887378701,5.73121890508792,5.7289978399463,0.0019474874096637,0.0019474874096659,0.0020102427329078,1,1,1
41053,"Polk","Oregon",0.0102775827582383,5.70468978084712,0.0102775827582375,5.70468978084711,"2021-05-13",478,5.61832832611518,0.0125682238014147,5.72301490919253,5.72072426814935,-0.002719740838011,-0.0027197408380131,-0.0026501649364554,-1,-1,-1
41053,"Polk","Oregon",0.00662422804436394,5.68574052589436,0.00662422804436336,5.68574052589435,"2021-05-14",479,5.60894837198536,0.0093967000597153,5.70792030201717,5.70514783000182,-0.00365335471387436,-0.00365335471387414,-0.0031715237416994,-1,-1,-1
41053,"Polk","Oregon",0.00708504988067092,5.69605132862918,0.00708504988067027,5.69605132862917,"2021-05-15",480,5.59842195899838,0.0099334681626683,5.71883867488516,5.71599025660316,0.00046082183630698,0.00046082183630691,0.000536768102953,1,1,1
41053,"Polk","Oregon",0.00603320080417049,5.69472158589784,0.00603320080416925,5.69472158589784,"2021-05-16",481,5.58778356079332,0.00783029505943852,5.70909833993999,5.70730124568472,-0.00105184907650043,-0.00105184907650102,-0.00210317310322978,-1,-1,-1
41053,"Polk","Oregon",0,5.65248918026865,0,5.65248918026865,"2021-05-17",482,5.58188383866613,-0.00413991509975394,5.61936985947062,5.62350977457037,-0.00603320080417049,-0.00603320080416925,-0.0119702101591925,-1,-1,-1
41053,"Polk","Oregon",-0.0100756519887445,5.5718839643587,0,5.64241352827991,"2021-05-18",483,5.57703076901706,-0.0105531837994726,5.56806370987287,5.5685412416836,-0.0100756519887445,0,-0.00641326869971866,-1,0,-1
41053,"Polk","Oregon",-0.0127390257774269,5.54050132206049,0,5.62967450250248,"2021-05-19",484,5.56943442212512,-0.0125702725188474,5.54185134812913,5.54168259487055,-0.0026633737886824,0,-0.0020170887193748,-1,0,-1
41053,"Polk","Oregon",-0.011346176387305,5.53890509140404,0,5.61832832611518,"2021-05-20",485,5.55737948161977,-0.0110679925729627,5.54113056191878,5.54085237810444,0.0013928493901219,0,0.0015022799458847,1,0,1
41053,"Polk","Oregon",-0.00937995412981422,5.54328869307666,0,5.60894837198536,"2021-05-21",486,5.54126354515843,-0.00951628185108418,5.54219807130651,5.54233439902777,0.00196622225749078,0,0.00155171072187852,1,0,1
41053,"Polk","Oregon",-0.0105264129869865,5.52473706808947,0,5.59842195899838,"2021-05-22",487,5.52715893897688,-0.0101700063770977,5.52758832096858,5.5272319143587,-0.00114645885717228,0,-0.000653724526013521,-1,0,-1
41053,"Polk","Oregon",-0.0106383982050588,5.51331477335791,0,5.58778356079332,"2021-05-23",488,5.51285254332565,-0.0109392411355664,5.51090802991385,5.51120887284436,-0.0001119852180723,0,-0.0007692347584687,-1,0,-1
41053,"Polk","Oregon",-0.00589972212718606,5.54058578377583,0,5.58188383866613,"2021-05-24",489,5.4971682252932,-0.00802763157506549,5.5235625081928,5.52569041764067,0.00473867607787274,0,0.00291160956050091,1,0,1
41053,"Polk","Oregon",-0.00485306964907501,5.54305928147353,0,5.57703076901706,"2021-05-25",490,5.47825513198671,-0.00637866196794527,5.53085454292257,5.53238013524144,0.00104665247811105,0,0.00164896960712022,1,0,1
41053,"Polk","Oregon",-0.00759634689193235,5.5162599938816,0,5.56943442212512,"2021-05-26",491,5.44919739750717,-0.00859694296275011,5.50825522531506,5.50925582138587,-0.00274327724285734,0,-0.00221828099480484,-1,0,-1
41053,"Polk","Oregon",-0.0120549405053517,5.47299489808231,0,5.55737948161977,"2021-05-27",492,5.41482975400297,-0.0121589376736841,5.47216292073565,5.47226691790398,-0.00445859361341935,0,-0.00356199471093399,-1,0,-1
41053,"Polk","Oregon",-0.0161159364613436,5.42845198992902,0,5.54126354515843,"2021-05-28",493,5.38121314320398,-0.0157268709185757,5.43156451427117,5.4311754487284,-0.0040609959559919,0,-0.0035679332448916,-1,0,-1
41053,"Polk","Oregon",-0.014104606181545,5.42842669570607,0,5.52715893897688,"2021-05-29",494,5.34370037239585,-0.0142523155088897,5.42724502108731,5.42739273041465,0.0020113302797986,0,0.001474555409686,1,0,1
41053,"Polk","Oregon",-0.0143063956512322,5.41270777376702,0,5.51285254332565,"2021-05-30",495,5.30045793104715,-0.0156496878076894,5.40196143651537,5.40330472867182,-0.0002017894696872,0,-0.0013973722987997,-1,0,-1
41053,"Polk","Oregon",-0.0156843180324408,5.38737799906612,0,5.4971682252932,"2021-05-31",496,5.25302109163286,-0.0170182627619326,5.37670644123019,5.37804038595967,-0.0013779223812086,0,-0.0013685749542432,-1,0,-1
41053,"Polk","Oregon",-0.0189130933064913,5.34586347884127,0,5.47825513198671,"2021-06-01",497,5.20870520785835,-0.0190180303491187,5.34502398250025,5.34512891954288,-0.0032287752740505,0,-0.0019997675871861,-1,0,-1
41053,"Polk","Oregon",-0.0290577344795332,5.24579325615044,0,5.44919739750717,"2021-06-02",498,5.17695650954377,-0.0273627438049483,5.25935318154712,5.25765819087253,-0.0101446411730419,0,-0.0083447134558296,-1,0,-1
41053,"Polk","Oregon",-0.0343676435042081,5.17425624947351,0,5.41482975400297,"2021-06-03",499,5.14499967302467,-0.0320996398178087,5.1924002789647,5.19013227527831,-0.0053099090246749,0,-0.0047368960128604,-1,0,-1
41053,"Polk","Oregon",-0.0336166107989921,5.14589686761103,0,5.38121314320398,"2021-06-04",500,5.10507929801273,-0.0305353367751066,5.17054705980212,5.16746578577823,0.000751032705216002,0,0.0015643030427021,1,0,1
41053,"Polk","Oregon",-0.0375127708081252,5.08111097673898,0,5.34370037239585,"2021-06-05",501,5.05806398766736,-0.0348935837058916,5.10206447355685,5.09944528645461,-0.0038961600091331,0,-0.004358246930785,-1,0,-1
41053,"Polk","Oregon",-0.0432424413487032,4.99776084160622,0,5.30045793104715,"2021-06-06",502,5.01538589685486,-0.0386075272689737,5.03484015424406,5.03020524016433,-0.005729670540578,0,-0.0037139435630821,-1,0,-1
41053,"Polk","Oregon",-0.0474368394142858,4.92096321573286,0,5.25302109163286,"2021-06-07",503,4.969813299576,-0.043245048811078,4.95449754055853,4.95030574995531,-0.0041943980655826,0,-0.0046375215421043,-1,0,-1
41053,"Polk","Oregon",-0.0443158837745041,4.89849402143682,0,5.20870520785835,"2021-06-08",504,4.91998092582813,-0.041113922121649,4.92410971465967,4.92090775300681,0.0031209556397817,0,0.002131126689429,1,0,1
41053,"Polk","Oregon",-0.0317486983145823,4.95471562134169,0,5.17695650954377,"2021-06-09",505,4.86753445045558,-0.0304996264417962,4.96470819632398,4.9634591244512,0.0125671854599218,0,0.0106142956798528,1,0,1
41053,"Polk","Oregon",-0.0319568365190988,4.92130181739098,0,5.14499967302467,"2021-06-10",506,4.82143297621008,-0.0334733314756559,4.90916985773852,4.91068635269508,-0.000208138204516498,0,-0.0029737050338597,-1,0,-1
41053,"Polk","Oregon",-0.0399203750119377,4.82563667292917,0,5.10507929801273,"2021-06-11",507,4.78749174278205,-0.0370978142038109,4.84821715939418,4.84539459858605,-0.0079635384928389,0,-0.003624482728155,-1,0,-1
41053,"Polk","Oregon",-0.047015310345372,4.72895681524976,0,5.05806398766736,"2021-06-12",508,4.76704605162176,-0.0446538824688551,4.74784823826189,4.74548681038537,-0.0070949353334343,0,-0.0075560682650442,-1,0,-1
41053,"Polk","Oregon",-0.042678090812505,4.71663926116732,0,5.01538589685486,"2021-06-13",509,4.73870157861261,-0.0409718527379704,4.7302891657636,4.72858292768907,0.004337219532867,0,0.0036820297308847,1,0,1
41053,"Polk","Oregon",-0.0455725972788628,4.65080511862396,0,4.969813299576,"2021-06-14",510,4.71338377062832,-0.0429006343777398,4.67218082183294,4.66950885893182,-0.0028945064663578,0,-0.00192878163976939,-1,0,-1
41053,"Polk","Oregon",-0.0498323737478705,4.57115430959303,0,4.91998092582813,"2021-06-15",511,4.69918082045033,-0.0466794361065091,4.59637781072393,4.59322487308257,-0.0042597764690077,0,-0.0037788017287693,-1,0,-1
41053,"Polk","Oregon",-0.0524464753725382,4.50040912284781,0,4.86753445045558,"2021-06-16",512,4.68345310438213,-0.0494770749213859,4.52416432645704,4.52119492600588,-0.0026141016246677,0,-0.0027976388148768,-1,0,-1
41053,"Polk","Oregon",-0.0461014742455075,4.49872265649153,0,4.82143297621008,"2021-06-17",513,4.68345310438213,-0.0433089395489755,4.52106293406378,4.51827039936725,0.0063450011270307,0,0.0061681353724104,1,0,1
41053,"Polk","Oregon",-0.0339412334280285,4.54990310878585,0,4.78749174278205,"2021-06-18",514,4.69918082045033,-0.0322933601981872,4.56308609462458,4.56143822139474,0.012160240817479,0,0.0110155793507883,1,0,1
41053,"Polk","Oregon",-0.0204456911602892,4.62392621349974,0,4.76704605162176,"2021-06-19",515,4.71466500078438,-0.0237677790017549,4.59734951076801,4.60067159860948,0.0134955422677393,0,0.0085255811964323,1,0,1
41053,"Polk","Oregon",-0.0283444730091443,4.5402902675486,0,4.73870157861261,"2021-06-20",516,4.7349445297349,-0.0289193212430396,4.53569148167744,4.53626632991133,-0.0078987818488551,0,-0.0051515422412847,-1,0,-1
41053,"Polk","Oregon",-0.0253178079842957,4.53615911473825,0,4.71338377062832,"2021-06-21",517,4.7585042059088,-0.0272057068382961,4.52105592390624,4.52294382276025,0.0030266650248486,0,0.0017136144047435,1,0,1
41053,"Polk","Oregon",-0.0142029501779887,4.59976016920441,0,4.69918082045033,"2021-06-22",518,4.78391392143417,-0.0179163466846639,4.57005299715101,4.57376639365768,0.011114857806307,0,0.0092893601536322,1,0,1
41053,"Polk","Oregon",-0.0157277160681955,4.57335909190477,0,4.68345310438213,"2021-06-23",519,4.81681935787657,-0.0183986411619772,4.55199169115451,4.55466261624829,-0.0015247658902068,0,-0.000482294477313298,-1,0,-1
41053,"Polk","Oregon",-1.25607396694701e-15,4.68345310438213,0,4.68345310438213,"2021-06-24",520,4.83401175841694,0.00103629295366131,4.69174344801142,4.69070715505776,0.0157277160681942,0,0.0194349341156385,1,0,1
41053,"Polk","Oregon",0.0157277160681955,4.8092748329277,0.0157277160681977,4.80927483292772,"2021-06-25",521,4.84643427841549,0.0121420204930841,4.7805892683268,4.78417496390192,0.0157277160681968,0.0157277160681977,0.0111057275394228,1,1,1
41053,"Polk","Oregon",0.0154841803340436,4.82305426312268,0.0154841803340444,4.82305426312269,"2021-06-26",522,4.8553728854163,0.0134376255189329,4.80668182460179,4.80872837941691,-0.0002435357341519,-0.0002435357341533,0.0012956050258488,-1,-1,1
41053,"Polk","Oregon",0.0202795289505281,4.8769012323886,0.0202795289505264,4.87690123238859,"2021-06-27",523,4.86863274820464,0.0164442058816901,4.8462186478379,4.85005397090673,0.0047953486164845,0.004795348616482,0.0030065803627572,1,1,1
41053,"Polk","Oregon",0.0235596761738949,4.92342193912606,0.0235596761738943,4.92342193912606,"2021-06-28",524,4.87519732320115,0.0216075636317932,4.90780503878925,4.90975715133135,0.0032801472233668,0.0032801472233679,0.0051633577501031,1,1,1
41053,"Polk","Oregon",0.0254097155253689,4.96178193011175,0.0254097155253685,4.96178193011175,"2021-06-29",525,4.87737597330037,0.0208019229513593,4.92491958951967,4.92952738209368,0.001850039351474,0.0018500393514742,-0.0008056406804339,1,1,-1
41053,"Polk","Oregon",0.0329054364424044,5.0471574129734,0.0329054364424035,5.04715741297339,"2021-06-30",526,4.87846352098777,0.0273789221025606,5.00294529825466,5.00847181259449,0.0074957209170355,0.007495720917035,0.0065769991512013,1,1,1
41053,"Polk","Oregon",0.017192400540371,4.95435856219954,0.0171924005403721,4.95435856219955,"2021-07-01",527,4.88496408559086,0.0160442212579914,4.9451731279405,4.94632130722288,-0.0157130359020334,-0.0157130359020314,-0.0113347008445692,-1,-1,-1
41053,"Polk","Oregon",0.0124225199985528,4.93339191840536,0.0124225199985526,4.93339191840536,"2021-07-02",528,4.88819858975853,0.0137539480531222,4.94404334284192,4.94271191478735,-0.0047698805418182,-0.0047698805418195,-0.0022902732048692,-1,-1,-1
41053,"Polk","Oregon",0.00893860700080982,4.91794313442197,0.00893860700081017,4.91794313442198,"2021-07-03",529,4.88927443709199,0.0104823584761608,4.93029314622478,4.92874939474943,-0.00348391299774298,-0.00348391299774243,-0.0032715895769614,-1,-1,-1
41053,"Polk","Oregon",0.0132598627883394,4.96145178772302,0.01325986278834,4.96145178772302,"2021-07-04",530,4.88496408559086,0.0141577188664292,4.96863463634773,4.96773678026964,0.00432125578752958,0.00432125578752983,0.0036753603902684,1,1,1
41053,"Polk","Oregon",0.00656457499650655,4.9211493481767,0.00656457499650731,4.9211493481767,"2021-07-05",531,4.88388358845711,0.00827017133908926,4.93479411891735,4.93308852257478,-0.00669528779183285,-0.00669528779183269,-0.00588754752733994,-1,-1,-1
41053,"Polk","Oregon",0.00217865009922127,4.89262652399492,0.00217865009922047,4.89262652399491,"2021-07-06",532,4.90103299053006,0.00490661618352917,4.91445025266938,4.91172228658507,-0.00438592489728528,-0.00438592489728684,-0.00336355515556009,-1,-1,-1
41053,"Polk","Oregon",0.00108754768739726,4.88607635479955,0.00108754768739772,4.88607635479955,"2021-07-07",533,4.90633241999656,0.00475547539952222,4.91541977649655,4.91175184878443,-0.00109110241182401,-0.00109110241182275,-0.00015114078400695,-1,-1,-1
41053,"Polk","Oregon",0.00650056460309515,4.93046803781253,0.00650056460309489,4.93046803781253,"2021-07-08",534,4.90738894413076,0.00730451034718954,4.93689960376529,4.93609565802119,0.00541301691569789,0.00541301691569717,0.00254903494766732,1,1,1
41053,"Polk","Oregon",0.00323450416766136,4.91084011893216,0.00323450416766313,4.91084011893217,"2021-07-09",535,4.90103299053006,0.00512497057045209,4.92596385015448,4.92407338375169,-0.00326606043543379,-0.00326606043543176,-0.00217953977673745,-1,-1,-1
41053,"Polk","Oregon",0.00107584733346208,4.89680536842622,0.00107584733346222,4.89680536842623,"2021-07-10",536,4.88819858975853,0.00379558457871922,4.91856326638828,4.91584352914302,-0.00215865683419928,-0.00215865683420091,-0.00132938599173287,-1,-1,-1
41053,"Polk","Oregon",-0.004310351501124,4.854791625083,0,4.88496408559086,"2021-07-11",537,4.86533422954598,-0.0099809643251085,4.80942672249112,4.8150973353151,-0.00538619883458608,-0.00107584733346222,-0.0137765489038277,-1,-1,-1
41053,"Polk","Oregon",-0.00108049713375268,4.87632010852084,0,4.88388358845711,"2021-07-12",538,NA,-0.00660360788282441,4.83213522252826,4.83765833327734,0.00322985436737132,0,0.00337735644228409,1,0,1
41053,"Polk","Oregon",0.0171494020729519,5.02107880504073,0.0171494020729526,5.02107880504073,"2021-07-13",539,NA,0.0148086310873237,5.0023526371557,5.00469340814133,0.0182298992067046,0.0171494020729526,0.0214122389701481,1,1,1
41053,"Polk","Oregon",0.00529942946650096,4.94342842626207,0.00529942946650053,4.94342842626207,"2021-07-14",540,NA,0.00642259609109648,4.95241375925883,4.95129059263424,-0.0118499726064509,-0.0118499726064521,-0.00838603499622722,-1,-1,-1
41053,"Polk","Oregon",0.00105652413420025,4.91478461307016,0.00105652413419932,4.91478461307016,"2021-07-15",541,NA,0.00405535831759271,4.9387752865373,4.93577645235391,-0.00424290533230071,-0.00424290533230121,-0.00236723777350377,-1,-1,-1
41053,"Polk","Oregon",-0.00635595360070057,4.85654131532516,0,4.90103299053006,"2021-07-16",542,NA,-0.00895103256434969,4.83578068361596,4.83837576257961,-0.00741247773490082,-0.00105652413419932,-0.0130063908819424,-1,-1,-1
41053,"Polk","Oregon",-0.0128344007715357,4.79835778435778,0,4.88819858975853,"2021-07-17",543,NA,-0.0116103183174115,4.80815044399077,4.80692636153665,-0.00647844717083513,0,-0.00265928575306181,-1,0,-1
41053,"Polk","Oregon",-0.0228643602125489,4.70528370805814,0,4.86533422954598,"2021-07-18",544,NA,-0.020827825620478,4.72157598479471,4.71953945020263,-0.0100299594410132,0,-0.0092175073030665,-1,0,-1
