"fips","county","state","r.lm","predicted.lm","r.slm","predicted.slm","date.y","days_from_start.y","log_rolled_cases.y","tau.hat","predicted.grf.future.0","predicted.grf.future.last","D.r.lm","D.r.slm","D.tau.hat","B.D.r.lm","B.D.r.slm","B.D.tau.hat"
45081,"Saluda","South Carolina",0.15057285847937,4.33384653401348,0.150572858479374,4.3338465340135,"2020-05-05",105,3.95945169899926,0.137311940185927,4.22775918766593,4.24102010595938,NA,NA,NA,NA,NA,NA
45081,"Saluda","South Carolina",0.097263305425205,4.05794296805953,0.0972633054252063,4.05794296805954,"2020-05-06",106,4.03802613163188,0.0944836943564177,4.03570607950923,4.03848569057802,-0.053309553054165,-0.0533095530541677,-0.0428282458295093,-1,-1,-1
45081,"Saluda","South Carolina",0.11071202441583,4.26279602540974,0.110712024415831,4.26279602540974,"2020-05-07",107,4.1155467698727,0.105167455299955,4.21843947248274,4.22398404159861,0.013448718990625,0.0134487189906247,0.0106837609435373,1,1,1
45081,"Saluda","South Carolina",0.0996674851732818,4.28515173588518,0.0996674851732799,4.28515173588517,"2020-05-08",108,4.18314006100523,0.0988015017164076,4.27822386823019,4.27908985168706,-0.0110445392425482,-0.0110445392425511,-0.0063659535835474,-1,-1,-1
45081,"Saluda","South Carolina",0.119099691541125,4.54027687200121,0.119099691541131,4.54027687200125,"2020-05-09",109,4.22370058343614,0.119830136369353,4.54612043062703,4.54538998579881,0.0194322063678432,0.0194322063678511,0.0210286346529454,1,1,1
45081,"Saluda","South Carolina",0.100083458556984,4.5072466996692,0.100083458556983,4.5072466996692,"2020-05-10",110,4.25662536813261,0.100442436172148,4.51011852059053,4.50975954297536,-0.019016232984141,-0.019016232984148,-0.019387700197205,-1,-1,-1
45081,"Saluda","South Carolina",0.0793098384578829,4.44114119743338,0.0793098384578834,4.44114119743339,"2020-05-11",111,4.28850057666306,0.0864146107454147,4.49797937573364,4.4908746034461,-0.0207736200991011,-0.0207736200990996,-0.0140278254267333,-1,-1,-1
45081,"Saluda","South Carolina",0.0734793707710523,4.47380729439662,0.0734793707710533,4.47380729439663,"2020-05-12",112,4.3193910636824,0.0767833865381225,4.50023942053318,4.49693540476612,-0.00583046768683061,-0.0058304676868301,-0.0096312242072922,-1,-1,-1
45081,"Saluda","South Carolina",0.0785744326326222,4.58804716006023,0.078574432632621,4.58804716006022,"2020-05-13",113,4.34565899050301,0.0758777256491425,4.5664735041924,4.56917021117588,0.00509506186156991,0.00509506186156769,-0.000905660888980003,1,1,-1
45081,"Saluda","South Carolina",0.0775206382408288,4.6581912375585,0.0775206382408262,4.65819123755849,"2020-05-14",114,4.34935585238433,0.0762909508877502,4.64835373873388,4.64958342608695,-0.0010537943917934,-0.0010537943917948,0.000413225238607706,-1,-1,1
45081,"Saluda","South Carolina",0.0675932911325293,4.65629309893294,0.0675932911325283,4.65629309893293,"2020-05-15",115,4.35670882668959,0.0731843884348222,4.70102187735128,4.69543078004899,-0.0099273471082995,-0.0099273471082979,-0.00310656245292801,-1,-1,-1
45081,"Saluda","South Carolina",0.040560522430911,4.50762424045252,0.0405605224309111,4.50762424045252,"2020-05-16",116,4.38381075646738,0.0497090493098568,4.58081245548408,4.57166392860514,-0.0270327687016183,-0.0270327687016172,-0.0234753391249654,-1,-1,-1
45081,"Saluda","South Carolina",0.0329247846964667,4.48709886100788,0.0329247846964664,4.48709886100787,"2020-05-17",117,4.41366371961706,0.0452733477741378,4.58588736562924,4.57353880255157,-0.0076357377344443,-0.0076357377344447,-0.004435701535719,-1,-1,-1
45081,"Saluda","South Carolina",0.0318752085304494,4.5116270363762,0.0318752085304492,4.5116270363762,"2020-05-18",118,4.43081679884331,0.0389559793335138,4.56827320280072,4.56119243199766,-0.0010495761660173,-0.0010495761660172,-0.006317368440624,-1,-1,-1
45081,"Saluda","South Carolina",0.0308904870193374,4.53562447281776,0.0308904870193372,4.53562447281776,"2020-05-19",119,4.43759648582869,0.0361584369550339,4.57776807230333,4.57250012236764,-0.000984721511112001,-0.000984721511112001,-0.0027975423784799,-1,-1,-1
45081,"Saluda","South Carolina",0.0262679268206105,4.52953447824728,0.0262679268206103,4.52953447824728,"2020-05-20",120,4.44768060489532,0.0300321316586223,4.55964811695138,4.55588391211337,-0.0046225601987269,-0.0046225601987269,-0.0061263052964116,-1,-1,-1
45081,"Saluda","South Carolina",0.00369686188132776,4.37523388555363,0.0036968618813269,4.37523388555362,"2020-05-21",121,4.4724547868809,0.0198823235223561,4.50471757868186,4.48853211704082,-0.0225710649392827,-0.0225710649392834,-0.0101498081362662,-1,-1,-1
45081,"Saluda","South Carolina",0.00735297430525832,4.4081796468264,0.00735297430525872,4.4081796468264,"2020-05-22",122,4.48219512362928,0.0232493532682714,4.5353506785305,4.51945429956749,0.00365611242393056,0.00365611242393182,0.0033670297459153,1,1,1
45081,"Saluda","South Carolina",0.027101929777792,4.57352426491193,0.0271019297777908,4.57352426491192,"2020-05-23",123,4.46590811865458,0.032832289943833,4.61936714624025,4.61363678607421,0.0197489554725337,0.0197489554725321,0.0095829366755616,1,1,1
45081,"Saluda","South Carolina",0.0298529631496811,4.62263446166483,0.0298529631496818,4.62263446166484,"2020-05-24",124,4.42911467077278,0.0335316708739632,4.65206412345909,4.6483854157348,0.0027510333718891,0.002751033371891,0.000699380930130201,1,1,1
45081,"Saluda","South Carolina",0.0171530792262491,4.55088835342706,0.0171530792262491,4.55088835342706,"2020-05-25",125,4.39621126966584,0.0206895459723136,4.57918008739557,4.5756436206495,-0.012699883923432,-0.0126998839234327,-0.0128421249016496,-1,-1,-1
45081,"Saluda","South Carolina",0.0067796869853795,4.48505429472635,0.00677968698537956,4.48505429472635,"2020-05-26",126,4.37125453769197,0.0142983320044713,4.54520345487908,4.53768480985999,-0.0103733922408696,-0.0103733922408695,-0.0063912139678423,-1,-1,-1
45081,"Saluda","South Carolina",0.0100841190666266,4.5182694383617,0.010084119066625,4.51826943836169,"2020-05-27",127,4.33635659784069,0.0157130362204296,4.56330077559213,4.55767185843833,0.0033044320812471,0.00330443208124544,0.0014147042159583,1,1,1
45081,"Saluda","South Carolina",0.0247741819855801,4.64587406077996,0.0247741819855802,4.64587406077996,"2020-05-28",128,4.28850057666306,0.0261962771180313,4.65725082183957,4.65582872670712,0.0146900629189535,0.0146900629189552,0.0104832408976017,1,1,1
45081,"Saluda","South Carolina",0.00974033674838504,4.55037748086798,0.00974033674838459,4.55037748086797,"2020-05-29",129,4.23823874188217,0.0149266054348983,4.59186763036009,4.58668136167357,-0.0150338452371951,-0.0150338452371956,-0.011269671683133,-1,-1,-1
45081,"Saluda","South Carolina",-0.0162870049746976,4.3518990838317,0,4.46590811865458,"2020-05-30",130,4.19181690503092,-0.0164052921191308,4.35095278667623,4.35107107382066,-0.0260273417230826,-0.00974033674838459,-0.0313318975540291,-1,-1,-1
45081,"Saluda","South Carolina",-0.0367934478817989,4.17156053560019,0,4.42911467077278,"2020-05-31",131,4.16333743370905,-0.0295731673913351,4.2293227795239,4.22210249903343,-0.0205064429071013,0,-0.0131678752722043,-1,0,-1
45081,"Saluda","South Carolina",-0.0329034011069469,4.16588746191721,0,4.39621126966584,"2020-06-01",132,4.14539973302238,-0.0272349111992427,4.21123538117884,4.20556689127114,0.003890046774852,0,0.0023382561920924,1,0,1
45081,"Saluda","South Carolina",-0.0249567319738662,4.19655741387491,0,4.37125453769197,"2020-06-02",133,4.12019794104843,-0.0237257268726012,4.20640545468503,4.20517444958376,0.0079466691330807,0,0.0035091843266415,1,0,1
45081,"Saluda","South Carolina",-0.0348979398512794,4.09207101888174,0,4.33635659784069,"2020-06-03",134,4.09672268462707,-0.0299565068069734,4.13160248323618,4.12666105019188,-0.0099412078774132,0,-0.0062307799343722,-1,0,-1
45081,"Saluda","South Carolina",-0.0478560211776316,3.95350842841964,0,4.28850057666306,"2020-06-04",135,4.07268306544092,-0.0379169265825949,4.03302118517993,4.0230820905849,-0.0129580813263522,0,-0.0079604197756215,-1,0,-1
45081,"Saluda","South Carolina",-0.0502618347808881,3.88640589841595,0,4.23823874188217,"2020-06-05",136,4.06535702534885,-0.0417410704074293,3.95457201340363,3.94605124903016,-0.0024058136032565,0,-0.0038241438248344,-1,0,-1
45081,"Saluda","South Carolina",-0.0464218368512521,3.86686404707216,0,4.19181690503092,"2020-06-06",137,4.04805127825126,-0.0400407761556078,3.91791253263731,3.91153147194167,0.003839997929636,0,0.0017002942518215,1,0,1
45081,"Saluda","South Carolina",-0.02847947132187,3.96398113445596,0,4.16333743370905,"2020-06-07",138,3.99162605602711,-0.0270015461580231,3.97580453576673,3.97432661060289,0.0179423655293821,0,0.0130392299975847,1,0,1
45081,"Saluda","South Carolina",-0.0179377006866664,4.01983582821572,0,4.14539973302238,"2020-06-08",139,3.91202300542815,-0.0203165730928928,4.00080484896591,4.00318372137213,0.0105417706352036,0,0.0066849730651303,1,0,1
45081,"Saluda","South Carolina",-0.0252017919739513,3.94378539723078,0,4.12019794104843,"2020-06-09",140,3.83174217416734,-0.0255117087851648,3.94130606274106,3.94161597955228,-0.0072640912872849,0,-0.005195135692272,-1,0,-1
45081,"Saluda","South Carolina",-0.023475256421367,3.9323958896775,0,4.09672268462707,"2020-06-10",141,3.74782198974739,-0.0243754749447242,3.92519414149064,3.926094360014,0.0017265355525843,0,0.0011362338404406,1,0,1
45081,"Saluda","South Carolina",-0.0240396191861484,3.90440573113788,0,4.07268306544092,"2020-06-11",142,3.65251180994306,-0.02585476088876,3.88988459751699,3.8916997392196,-0.0005643627647814,0,-0.0014792859440358,-1,0,-1
45081,"Saluda","South Carolina",-0.00732604009207192,4.01407474470435,0,4.06535702534885,"2020-06-12",143,3.5305534028762,-0.0154341985809501,3.94920947679332,3.9573176352822,0.0167135790940765,0,0.0104205623078099,1,0,1
45081,"Saluda","South Carolina",-0.0173057470975947,3.92691104856809,0,4.04805127825126,"2020-06-13",144,3.4106761256167,-0.0191717909616276,3.91198269765583,3.91384874151987,-0.00997970700552278,0,-0.0037375923806775,-1,0,-1
45081,"Saluda","South Carolina",-0.0564252222241466,3.59664950045809,0,3.99162605602711,"2020-06-14",145,3.3770998300831,-0.0437019100829989,3.69843599758727,3.68571268544612,-0.0391194751265519,0,-0.0245301191213713,-1,0,-1
45081,"Saluda","South Carolina",-0.0796030505989669,3.35480165123538,0,3.91202300542815,"2020-06-15",146,3.36729582998647,-0.0629484845889114,3.48803817931582,3.47138361330577,-0.0231778283748203,0,-0.0192465745059125,-1,0,-1
45081,"Saluda","South Carolina",-0.0802808312608023,3.26977635534173,0,3.83174217416734,"2020-06-16",147,3.38196601973427,-0.0626502579926468,3.41082094148698,3.39319036821881,-0.000677780661835395,0,0.000298226596264606,-1,0,1
45081,"Saluda","South Carolina",-0.0839201844199553,3.1603806988077,0,3.74782198974739,"2020-06-17",148,3.3964241029095,-0.0649291900752671,3.3123086535652,3.29331765922052,-0.00363935315915301,0,-0.0022789320826203,-1,0,-1
45081,"Saluda","South Carolina",-0.0953101798043274,2.98534055131277,0,3.65251180994306,"2020-06-18",149,3.43398720448515,-0.0700323909003701,3.18756286254443,3.16228507364047,-0.0113899953843721,0,-0.005103200825103,-1,0,-1
45081,"Saluda","South Carolina",-0.12195840706687,2.6768445534081,0,3.5305534028762,"2020-06-19",150,3.49650756146648,-0.0823707737988637,2.99354561955215,2.95395798628415,-0.0266482272625426,0,-0.0123383828984936,-1,0,-1
45081,"Saluda","South Carolina",-0.119877277259495,2.57153518480024,0,3.4106761256167,"2020-06-20",151,3.54715129428523,-0.0794305667699817,2.89510886871635,2.85466215822683,0.002081129807375,0,0.00294020702888201,1,0,1
45081,"Saluda","South Carolina",-0.0335762955336063,3.14206576134785,0,3.3770998300831,"2020-06-21",152,3.58351893845611,-0.0328694354483247,3.1477206420301,3.14701378194483,0.0863009817258887,0,0.046561131321657,1,0,1
45081,"Saluda","South Carolina",-0.00980400009662048,3.29866782931013,0,3.36729582998647,"2020-06-22",153,3.62243435470578,-0.0197980726989045,3.21871524849186,3.22870932109414,0.0237722954369858,0,0.0130713627494202,1,0,1
45081,"Saluda","South Carolina",0.0146701897477929,3.48465734796882,0.0146701897477928,3.48465734796882,"2020-06-23",154,3.64133850934494,0.0153327049747833,3.48995746978474,3.48929495455775,0.0244741898444134,0.0146701897477928,0.0351307776736878,1,1,1
45081,"Saluda","South Carolina",0.0144580831752325,3.49763068513613,0.0144580831752323,3.49763068513613,"2020-06-24",155,3.67810735713203,0.0147639147024018,3.50007733735348,3.49977150582631,-0.0002121065725604,-0.000212106572560501,-0.000568790272381501,-1,-1,-1
45081,"Saluda","South Carolina",0.037563101575647,3.69692891551468,0.037563101575647,3.69692891551468,"2020-06-25",156,3.69953674858792,0.0399979506218214,3.71640770788407,3.7139728588379,0.0231050184004145,0.0231050184004147,0.0252340359194196,1,1,1
45081,"Saluda","South Carolina",0.0625203569813351,3.93415006033583,0.062520356981334,3.93415006033582,"2020-06-26",157,3.72051653905712,0.0628001256877888,3.93638820998746,3.936108441281,0.0249572554056881,0.024957255405687,0.0228021750659674,1,1,1
45081,"Saluda","South Carolina",0.0506437328187546,3.90165742401652,0.0506437328187546,3.90165742401652,"2020-06-27",158,3.75787232560089,0.050117422201907,3.89744693908174,3.89797324969858,-0.0118766241625805,-0.0118766241625794,-0.0126827034858818,-1,-1,-1
45081,"Saluda","South Carolina",0.0363676441708738,3.83809244765223,0.0363676441708751,3.83809244765224,"2020-06-28",159,3.80029304148484,0.0371712461641999,3.84452126359883,3.84371766160551,-0.0142760886478808,-0.0142760886478795,-0.0129461760377071,-1,-1,-1
45081,"Saluda","South Carolina",0.0389154162496736,3.8948422684535,0.0389154162496728,3.89484226845349,"2020-06-29",160,3.84405002184194,0.040572832448989,3.90810159804802,3.9064441818487,0.0025477720787998,0.00254777207879769,0.0034015862847891,1,1,1
45081,"Saluda","South Carolina",0.0189041546391545,3.77366759181902,0.0189041546391526,3.773667591819,"2020-06-30",161,3.88890058800729,0.0200335460232428,3.78270272289172,3.78157333150764,-0.0200112616105191,-0.0200112616105202,-0.0205392864257462,-1,-1,-1
45081,"Saluda","South Carolina",0.036768847787089,3.93548929164165,0.0367688477870907,3.93548929164166,"2020-07-01",162,3.93741223943297,0.0382360213779392,3.94722668036845,3.9457595067776,0.0178646931479345,0.0178646931479381,0.0182024753546964,1,1,1
45081,"Saluda","South Carolina",0.0214293914558986,3.84954248877921,0.0214293914558978,3.84954248877921,"2020-07-02",163,3.99688922607139,0.0234023898803956,3.86532647617519,3.86335347775069,-0.0153394563311904,-0.0153394563311929,-0.0148336314975436,-1,-1,-1
45081,"Saluda","South Carolina",0.0209797904691953,3.86737507234149,0.0209797904691955,3.86737507234149,"2020-07-03",164,4.05302641289137,0.022233405835805,3.87740399527436,3.87615037990776,-0.0004496009867033,-0.000449600986702301,-0.0011689840445906,-1,-1,-1
45081,"Saluda","South Carolina",0.0373557865437691,4.01936283140727,0.0373557865437695,4.01936283140727,"2020-07-04",165,4.0990951649807,0.0376423054196704,4.02165498241448,4.02136846353858,0.0163759960745738,0.016375996074574,0.0154088995838654,1,1,1
45081,"Saluda","South Carolina",0.0424207158839496,4.09723805267249,0.0424207158839507,4.09723805267249,"2020-07-05",166,4.15664844555826,0.0437145975132874,4.10758910570719,4.10629522407785,0.0050649293401805,0.00506492934018121,0.006072292093617,1,1,1
45081,"Saluda","South Carolina",0.0437569803571001,4.15034888434164,0.0437569803571005,4.15034888434164,"2020-07-06",167,4.20255814686233,0.0449497417298004,4.15989097532324,4.15869821395054,0.0013362644731505,0.0013362644731498,0.001235144216513,1,1,1
45081,"Saluda","South Carolina",0.0448505661653524,4.20285455116476,0.0448505661653527,4.20285455116476,"2020-07-07",168,4.24440525679783,0.0433226550126421,4.19063126194308,4.19215917309578,0.0010935858082523,0.0010935858082522,-0.0016270867171583,1,1,-1
45081,"Saluda","South Carolina",0.0485116514256742,4.27699379941269,0.0485116514256734,4.27699379941268,"2020-07-08",169,4.28062652023215,0.0483806328287647,4.27594565063741,4.27607666923432,0.0036610852603218,0.0036610852603207,0.00505797781612261,1,1,1
45081,"Saluda","South Carolina",0.0594769866384229,4.41322813254035,0.0594769866384213,4.41322813254034,"2020-07-09",170,4.31558153526573,0.0566802235330245,4.39085402769717,4.39365079080256,0.0109653352127487,0.0109653352127479,0.0082995907042598,1,1,1
45081,"Saluda","South Carolina",0.0561371868199815,4.44598672063124,0.0561371868199827,4.44598672063125,"2020-07-10",171,4.34750912979117,0.0549006527494656,4.43609444806711,4.43733098213763,-0.0033397998184414,-0.0033397998184386,-0.0017795707835589,-1,-1,-1
45081,"Saluda","South Carolina",0.0460687520893298,4.42157642960601,0.0460687520893286,4.421576429606,"2020-07-11",172,4.39268392914787,0.0469761574051155,4.42883567213229,4.42792826681651,-0.0100684347306517,-0.0100684347306541,-0.0079244953443501,-1,-1,-1
45081,"Saluda","South Carolina",0.0575532805775551,4.55952140960114,0.0575532805775572,4.55952140960116,"2020-07-12",173,4.43421238784445,0.0561841312630978,4.54856821508548,4.54993736439994,0.0114845284882253,0.0114845284882286,0.0092079738579823,1,1,1
45081,"Saluda","South Carolina",0.04590970130408,4.52392605599089,0.0459097013040788,4.52392605599089,"2020-07-13",174,4.48702994368387,0.0462879736167402,4.52695223449218,4.52657396217951,-0.0116435792734751,-0.0116435792734784,-0.0098961576463576,-1,-1,-1
45081,"Saluda","South Carolina",0.0418471099354976,4.53733502634632,0.0418471099354987,4.53733502634632,"2020-07-14",175,4.55086484113055,0.0437764990329368,4.55277013912582,4.55084075002839,-0.0040625913685824,-0.0040625913685801,-0.00251147458380339,-1,-1,-1
45081,"Saluda","South Carolina",0.0362212634343196,4.53417536427239,0.0362212634343191,4.53417536427239,"2020-07-15",176,4.60517018598809,0.0389219485455317,4.55578084516208,4.55308016005087,-0.00562584650117801,-0.0056258465011796,-0.0048545504874051,-1,-1,-1
45081,"Saluda","South Carolina",0.0349550150335783,4.56026664050078,0.0349550150335771,4.56026664050077,"2020-07-16",177,4.649870364906,0.0362159554447408,4.57035416379008,4.56909322337892,-0.0012662484007413,-0.001266248400742,-0.0027059931007909,-1,-1,-1
45081,"Saluda","South Carolina",0.0319275945254394,4.57100229146924,0.0319275945254391,4.57100229146924,"2020-07-17",178,4.71081637512308,0.0338965084347623,4.58675360274383,4.58478468883451,-0.0030274205081389,-0.003027420508138,-0.0023194470099785,-1,-1,-1
45081,"Saluda","South Carolina",0.0451747993567024,4.70890752464479,0.045174799356702,4.70890752464478,"2020-07-18",179,4.76704605162176,0.046456860179392,4.71916401122631,4.71788195040361,0.013247204831263,0.0132472048312629,0.0125603517446297,1,1,1
45081,"Saluda","South Carolina",0.0415284586965829,4.72491159872053,0.0415284586965816,4.72491159872052,"2020-07-19",180,4.81681935787657,0.0429224186116168,4.7360632780408,4.73466931812577,-0.0036463406601195,-0.0036463406601204,-0.00353444156777519,-1,-1,-1
45081,"Saluda","South Carolina",0.0528175558394128,4.85675283455976,0.0528175558394146,4.85675283455977,"2020-07-20",181,4.86202479464461,0.0530444044350617,4.85856762332494,4.8583407747293,0.0112890971428299,0.011289097142833,0.0101219858234449,1,1,1
45081,"Saluda","South Carolina",0.0638348974466871,4.99770912325736,0.0638348974466822,4.99770912325732,"2020-07-21",182,4.90527477843843,0.0609035062492369,4.97425799367777,4.97718938487521,0.0110173416072743,0.0110173416072676,0.0078591018141752,1,1,1
45081,"Saluda","South Carolina",0.0543053448575449,4.98530759999091,0.0543053448575428,4.98530759999089,"2020-07-22",183,4.94875989037817,0.0538455921943333,4.98162957868522,4.98208933134842,-0.0095295525891422,-0.00952955258913941,-0.0070579140549036,-1,-1,-1
45081,"Saluda","South Carolina",0.0447001789179115,4.96277161733138,0.0447001789179104,4.96277161733138,"2020-07-23",184,4.98458461689631,0.0429429800952332,4.94871402674995,4.95047122557263,-0.0096051659396334,-0.0096051659396324,-0.0109026120991001,-1,-1,-1
45081,"Saluda","South Carolina",0.0609460102170753,5.1374384466426,0.0609460102170747,5.1374384466426,"2020-07-24",185,5.00202691955966,0.0590342473792099,5.12214434393968,5.12405610677755,0.0162458312991638,0.0162458312991643,0.0160912672839767,1,1,1
45081,"Saluda","South Carolina",0.0562296764986838,5.16065378711255,0.0562296764986829,5.16065378711254,"2020-07-25",186,5.01063529409626,0.0539731158190796,5.14260130167572,5.14485786235532,-0.0047163337183915,-0.0047163337183918,-0.0050611315601303,-1,-1,-1
45081,"Saluda","South Carolina",0.0497733062548097,5.16523250166024,0.0497733062548091,5.16523250166023,"2020-07-26",187,5.01727983681492,0.0481747158218247,5.15244377819636,5.15404236862934,-0.0064563702438741,-0.0064563702438738,-0.0057983999972549,-1,-1,-1
45081,"Saluda","South Carolina",0.0452054367680423,5.17846285202091,0.0452054367680415,5.1784628520209,"2020-07-27",188,5.014437580046,0.045146102549273,5.17798817827075,5.17804751248952,-0.0045678694867674,-0.0045678694867676,-0.0030286132725517,-1,-1,-1
45081,"Saluda","South Carolina",0.0432499837938187,5.20802466499516,0.0432499837938192,5.20802466499516,"2020-07-28",189,5.00681849556955,0.0432499969728229,5.20802477042719,5.20802475724819,-0.0019554529742236,-0.0019554529742223,-0.00189610557645011,-1,-1,-1
45081,"Saluda","South Carolina",0.0434851119397396,5.25315567395635,0.0434851119397388,5.25315567395634,"2020-07-29",190,5.002987073258,0.0436078606234998,5.25413766342643,5.25401491474267,0.000235128145920901,0.000235128145919604,0.000357863650676901,1,1,1
45081,"Saluda","South Carolina",0.0358247265181434,5.23535770252332,0.0358247265181442,5.23535770252332,"2020-07-30",191,4.99817705917421,0.0353196527761643,5.23131711258748,5.23182218632946,-0.0076603854215962,-0.0076603854215946,-0.0082882078473355,-1,-1,-1
45081,"Saluda","South Carolina",0.0174423026633446,5.12412303820307,0.017442302663345,5.12412303820307,"2020-07-31",192,4.99334379698619,0.0196799241002539,5.14202400969834,5.13978638826144,-0.0183824238547988,-0.0183824238547992,-0.0156397286759104,-1,-1,-1
45081,"Saluda","South Carolina",0.00860837453659888,5.07089391585245,0.00860837453659791,5.07089391585244,"2020-08-01",193,4.99527990601306,0.0152779941247188,5.12425087255741,5.11758125296929,-0.00883392812674572,-0.00883392812674709,-0.0044019299755351,-1,-1,-1
45081,"Saluda","South Carolina",0.00664454271866764,5.0637916358456,0.00664454271866877,5.06379163584561,"2020-08-02",194,4.9894602969598,0.0146941493622642,5.12818848899437,5.12013888235077,-0.00196383181793124,-0.00196383181792914,-0.000583844762454601,-1,-1,-1
45081,"Saluda","South Carolina",-0.00284225676892652,4.99454178266351,0,5.014437580046,"2020-08-03",195,4.98556165654414,-0.00352953827120445,4.98904353064528,4.98973081214757,-0.00948679948759416,-0.00664454271866877,-0.0182236876334686,-1,-1,-1
45081,"Saluda","South Carolina",-0.00761908447644632,4.95348490423443,0,5.00681849556955,"2020-08-04",196,4.97476135519337,-0.00549749968211159,4.97045758258911,4.96833599779477,-0.0047768277075198,0,-0.00196796141090714,-1,0,-1
45081,"Saluda","South Carolina",-0.0038314223115509,4.97616711707714,0,5.002987073258,"2020-08-05",197,4.95179479407332,-0.00372682940531265,4.97700386032705,4.97689926742081,0.00378766216489542,0,0.00177067027679894,1,0,1
45081,"Saluda","South Carolina",-0.00481001408378839,4.96450696058769,0,4.99817705917421,"2020-08-06",198,4.94571574799694,-0.00457742347481945,4.96636768545944,4.96613509485047,-0.00097859177223749,0,-0.0008505940695068,-1,0,-1
45081,"Saluda","South Carolina",-0.00483326218802053,4.95951096167005,0,4.99334379698619,"2020-08-07",199,4.94368115929915,-0.00451864458184474,4.96202790251945,4.96171328491328,-2.32481042321403e-05,0,5.87788929747096e-05,-1,0,1
45081,"Saluda","South Carolina",0.00193610902686839,5.00883266920114,0.0019361090268708,5.00883266920116,"2020-08-08",200,4.92414326274281,0.00803703019992397,5.05764003858558,5.05153911741253,0.00676937121488892,0.0019361090268708,0.0125556747817687,1,1,1
45081,"Saluda","South Carolina",-0.00581960905326525,4.94872303358694,0,4.9894602969598,"2020-08-09",201,4.90527477843843,-0.00706836618061876,4.93873297656811,4.93998173369547,-0.00775571808013364,-0.0019361090268708,-0.0151053963805427,-1,-1,-1
45081,"Saluda","South Carolina",-0.00389864041565842,4.95827117363453,0,4.98556165654414,"2020-08-10",202,4.8795498872,-0.0064737316529123,4.9376704437365,4.94024553497375,0.00192096863760683,0,0.00059463452770646,1,0,1
45081,"Saluda","South Carolina",-0.0108003013507666,4.89915924573801,0,4.97476135519337,"2020-08-11",203,4.856484614269,-0.00900077632758906,4.91355544592343,4.91175592090025,-0.00690166093510818,0,-0.00252704467467676,-1,0,-1
45081,"Saluda","South Carolina",-0.0229665611200548,4.79102886623294,0,4.95179479407332,"2020-08-12",204,4.82945594188108,-0.0183846119407735,4.82768445966718,4.82310251048791,-0.0121662597692882,0,-0.00938383561318444,-1,0,-1
45081,"Saluda","South Carolina",-0.00607904607637448,4.90316242546232,0,4.94571574799694,"2020-08-13",205,4.78630055741189,-0.00890271421703145,4.88057308033707,4.88339674847772,0.0168875150436803,0,0.00948189772374205,1,0,1
45081,"Saluda","South Carolina",-0.00203458869779361,4.9294390384146,0,4.94368115929915,"2020-08-14",206,4.74368912012365,-0.0071099212236524,4.88883637820772,4.89391171073358,0.00404445737858087,0,0.00179279299337905,1,0,1
45081,"Saluda","South Carolina",-0.0195378965563367,4.78737798684846,0,4.92414326274281,"2020-08-15",207,4.72358794080257,-0.0166436524072137,4.81053194004144,4.80763769589231,-0.0175033078585431,0,-0.0095337311835613,-1,0,-1
45081,"Saluda","South Carolina",-0.018868484304384,4.77319538830774,0,4.90527477843843,"2020-08-16",208,4.70824237112791,-0.0187425204560275,4.77420309909459,4.77407713524624,0.000669412251952703,0,-0.0020988680488138,1,0,-1
45081,"Saluda","South Carolina",-0.025724891238432,4.69947564853097,0,4.8795498872,"2020-08-17",209,4.70695288029804,-0.0216257904581419,4.73226845477329,4.72816935399301,-0.006856406934048,0,-0.0028832700021144,-1,0,-1
45081,"Saluda","South Carolina",-0.0230652729309981,4.69502770375201,0,4.856484614269,"2020-08-18",210,4.70695288029804,-0.020675422563374,4.71414650669301,4.71175665632538,0.0026596183074339,0,0.000950367894767899,1,0,1
45081,"Saluda","South Carolina",-0.0270286723879221,4.64025523516562,0,4.82945594188108,"2020-08-19",211,4.70953020131233,-0.0248494635937069,4.65768890551935,4.65550969672513,-0.003963399456924,0,-0.0041740410303329,-1,0,-1
45081,"Saluda","South Carolina",-0.0431553844691858,4.48421286612759,0,4.78630055741189,"2020-08-20",212,4.70953020131233,-0.0313529791046052,4.57863210904424,4.56682970367965,-0.0161267120812637,0,-0.0065035155108983,-1,0,-1
45081,"Saluda","South Carolina",-0.0426114372882379,4.44540905910599,0,4.74368912012365,"2020-08-21",213,4.70824237112791,-0.0336527625464466,4.51707845704032,4.50811978229852,0.000543947180947899,0,-0.0022997834418414,1,0,-1
45081,"Saluda","South Carolina",-0.0201011793210847,4.58287968555498,0,4.72358794080257,"2020-08-22",214,4.70566172453442,-0.019963650124238,4.58397991912975,4.5838423899329,0.0225102579671532,0,0.0136891124222086,1,0,1
45081,"Saluda","South Carolina",-0.0153455696746633,4.60082338340526,0,4.70824237112791,"2020-08-23",215,4.69265764011121,-0.0180257371327497,4.57938204374057,4.58206221119866,0.0047556096464214,0,0.0019379129914883,1,0,1
45081,"Saluda","South Carolina",-0.00128949082986965,4.69792644448895,0,4.70695288029804,"2020-08-24",216,4.67948221895265,-0.0124900840981692,4.60832169834256,4.61952229161086,0.0140560788447937,0,0.0055356530345805,1,0,1
45081,"Saluda","South Carolina",0,4.70695288029804,0,4.70695288029804,"2020-08-25",217,4.66613088577778,-0.00563700501899074,4.66185684014611,4.6674938451651,0.00128949082986965,0,0.00685307907917846,1,0,1
45081,"Saluda","South Carolina",0.00257732101429581,4.7275714484124,0.00257732101429742,4.72757144841242,"2020-08-26",218,4.65803367554516,0.00191805227039135,4.72229729846117,4.72295656720507,0.00257732101429581,0.00257732101429742,0.00755505728938209,1,1,1
45081,"Saluda","South Carolina",0,4.70953020131233,0,4.70953020131233,"2020-08-27",219,4.65803367554516,-0.00581648651917676,4.66299830915892,4.66881479567809,-0.00257732101429581,-0.00257732101429742,-0.00773453878956811,-1,-1,-1
45081,"Saluda","South Carolina",-0.00128783018442736,4.69922755983692,0,4.70824237112791,"2020-08-28",220,4.65667774313402,-0.0094961138474323,4.63356129053287,4.64176957419588,-0.00128783018442736,0,-0.00367962732825554,-1,0,-1
45081,"Saluda","South Carolina",-0.00258064659348976,4.68759719837999,0,4.70566172453442,"2020-08-29",221,4.64301632847821,-0.0121880655663022,4.61073784659749,4.6203452655703,-0.0012928164090624,0,-0.0026919517188699,-1,0,-1
45081,"Saluda","South Carolina",-0.0130040844232101,4.60162904914873,0,4.69265764011121,"2020-08-30",222,4.64576358295334,-0.0159430710803943,4.57811715589127,4.58105614254845,-0.0104234378297203,0,-0.0037550055140921,-1,0,-1
45081,"Saluda","South Carolina",-0.013175421158562,4.58725427084271,0,4.67948221895265,"2020-08-31",223,4.64026150579937,-0.0171385911163545,4.55554891118037,4.55951208113817,-0.0001713367353519,0,-0.0011955200359602,-1,0,-1
45081,"Saluda","South Carolina",-0.0133513331748683,4.5726715535537,0,4.66613088577778,"2020-09-01",224,4.65123555283134,-0.0153925575541544,4.55634175851942,4.5583829828987,-0.0001759120163063,0,0.0017460335622001,-1,0,1
45081,"Saluda","South Carolina",-0.00809721023261879,4.60135320391682,0,4.65803367554516,"2020-09-02",225,4.66343909411207,-0.0128602575465254,4.56324882540558,4.56801187271948,0.00525412294224951,0,0.002532300007629,1,0,1
45081,"Saluda","South Carolina",-1.25607396694706e-15,4.65803367554515,0,4.65803367554516,"2020-09-03",226,4.68740828422507,0.00245420771315126,4.67766733725037,4.67521312953722,0.00809721023261753,0,0.0153144652596767,1,0,1
45081,"Saluda","South Carolina",-0.00135593241113322,4.64718621625609,0,4.65667774313402,"2020-09-04",227,4.72104664337389,-0.0108040144145196,4.571601560229,4.58104964223238,-0.00135593241113196,0,-0.0132582221276709,-1,0,-1
45081,"Saluda","South Carolina",-0.0136614146558126,4.54738642588752,0,4.64301632847821,"2020-09-05",228,4.75972894580469,-0.0148998289886061,4.53747911122517,4.53871752555797,-0.0123054822446794,0,-0.0040958145740865,-1,0,-1
45081,"Saluda","South Carolina",0.00274725447513512,4.66499436427929,0.00274725447513546,4.66499436427929,"2020-09-06",229,4.78391392143417,0.0049078090402901,4.68227880080053,4.68011824623537,0.0164086691309477,0.00274725447513546,0.0198076380288962,1,1,1
45081,"Saluda","South Carolina",-0.00550207715397563,4.60174696572154,0,4.64026150579937,"2020-09-07",230,4.82373182779719,-0.00987232819978299,4.56678495735508,4.57115520840089,-0.00824933162911075,-0.00274725447513546,-0.0147801372400731,-1,-1,-1
45081,"Saluda","South Carolina",0.0109740470319773,4.72805388205518,0.0109740470319757,4.72805388205517,"2020-09-08",231,4.83628190695148,0.010406658960731,4.72351477748522,4.72408216555646,0.0164761241859529,0.0109740470319757,0.020278987160514,1,1,1
45081,"Saluda","South Carolina",0.012203541280726,4.74886388307715,0.0122035412807255,4.74886388307715,"2020-09-09",232,4.84643427841549,0.00995538615264841,4.73087864205253,4.73312679718061,0.0012294942487487,0.0012294942487498,-0.00045127280808259,1,1,-1
45081,"Saluda","South Carolina",0.0239691901130003,4.85519261501607,0.0239691901130001,4.85519261501607,"2020-09-10",233,4.86753445045558,0.020041704566634,4.82377273064514,4.82770021619151,0.0117656488322743,0.0117656488322746,0.0100863184139856,1,1,1
45081,"Saluda","South Carolina",0.0336383591488225,4.95651515741565,0.0336383591488234,4.95651515741565,"2020-09-11",234,4.89570532742228,0.0244050236873588,4.88264847372394,4.8918818091854,0.0096691690358222,0.0096691690358233,0.0043633191207248,1,1,1
45081,"Saluda","South Carolina",0.0386823024308003,5.03050506282029,0.0386823024308018,5.03050506282031,"2020-09-12",235,4.92102313540657,0.0306226015805726,4.96602745601847,4.9740871568687,0.0050439432819778,0.0050439432819784,0.0062175778932138,1,1,1
45081,"Saluda","South Carolina",0.0241849756294737,4.95320875084048,0.0241849756294732,4.95320875084048,"2020-09-13",236,4.94571574799694,0.0213931392575463,4.93087405986506,4.93366589623699,-0.0144973268013266,-0.0144973268013286,-0.0092294623230263,-1,-1,-1
45081,"Saluda","South Carolina",0.0398179063630208,5.10245717233833,0.0398179063630204,5.10245717233833,"2020-09-14",237,4.95984312725615,0.0333032000850243,5.05033952211436,5.05685422839236,0.0156329307335471,0.0156329307335472,0.011910060827478,1,1,1
45081,"Saluda","South Carolina",0.0125500791542922,4.92413246103152,0.0125500791542921,4.92413246103152,"2020-09-15",238,4.97870224699324,0.0122344127238241,4.92160712958778,4.92192279601825,-0.0272678272087286,-0.0272678272087283,-0.0210687873612002,-1,-1,-1
45081,"Saluda","South Carolina",0.0101523714640156,4.9175008786636,0.0101523714640157,4.9175008786636,"2020-09-16",239,4.99527990601306,0.0119126541366727,4.93158314004486,4.9298228573722,-0.0023977076902766,-0.0023977076902764,-0.000321758587151401,-1,-1,-1
45081,"Saluda","South Carolina",0.0211001720400874,5.01523565473619,0.0211001720400885,5.0152356547362,"2020-09-17",240,4.99140393216837,0.0184478161736779,4.99401680780491,4.99666916367133,0.0109478005760718,0.0109478005760728,0.0065351620370052,1,1,1
45081,"Saluda","South Carolina",0.0281708769666986,5.09290146618917,0.0281708769666986,5.09290146618917,"2020-09-18",241,4.96882074366325,0.0246186910672218,5.06448397899335,5.06803616489283,0.0070707049266112,0.0070707049266101,0.0061708748935439,1,1,1
45081,"Saluda","South Carolina",0.0253178079842858,5.09824779129657,0.0253178079842868,5.09824779129658,"2020-09-19",242,4.93344565540513,0.022393921554471,5.07485669985805,5.07778058628787,-0.0028530689824128,-0.0028530689824118,-0.0022247695127508,-1,-1,-1
45081,"Saluda","South Carolina",0.0246926125903765,5.11856403612958,0.0246926125903757,5.11856403612957,"2020-09-20",243,4.89996972620873,0.0240372026199954,5.11332075636653,5.11397616633691,-0.0006251953939093,-0.0006251953939111,0.0016432810655244,-1,-1,1
45081,"Saluda","South Carolina",0.0141273792592078,5.05873478207061,0.01412737925921,5.05873478207062,"2020-09-21",244,4.85870437100731,0.0137804899091616,5.05595966727023,5.05630655662028,-0.0105652333311687,-0.0105652333311657,-0.0102567127108338,-1,-1,-1
45081,"Saluda","South Carolina",0.0188591197370921,5.11071608515289,0.0188591197370913,5.11071608515288,"2020-09-22",245,4.8317364445798,0.0182528091212439,5.1058656002261,5.10647191084195,0.0047317404778843,0.0047317404778813,0.0044723192120823,1,1,1
45081,"Saluda","South Carolina",0.0165776590198175,5.11132351915179,0.0165776590198181,5.11132351915179,"2020-09-23",246,4.801676377774,0.0152376574796812,5.10060350683069,5.10194350837083,-0.0022814607172746,-0.0022814607172732,-0.0030151516415627,-1,-1,-1
45081,"Saluda","South Carolina",-0.00387597384469688,4.96427211525549,0,4.99140393216837,"2020-09-24",247,4.76826038085416,-0.00613232423370004,4.94622131214346,4.94847766253247,-0.0204536328645144,-0.0165776590198181,-0.0213699817133812,-1,-1,-1
45081,"Saluda","South Carolina",-0.0225831885051168,4.81073842412743,0,4.96882074366325,"2020-09-25",248,4.72612279640575,-0.0193366147813218,4.8367110139178,4.833464440194,-0.0187072146604199,0,-0.0132042905476218,-1,0,-1
45081,"Saluda","South Carolina",-0.0353750882581225,4.68582003759827,0,4.93344565540513,"2020-09-26",249,4.68345310438213,-0.0294980945383302,4.73283598735661,4.72695899363682,-0.0127918997530057,0,-0.0101614797570084,-1,0,-1
45081,"Saluda","South Carolina",-0.0334759291963939,4.66563822183398,0,4.89996972620873,"2020-09-27",250,4.63611498983751,-0.0264942195205396,4.72149189924081,4.71451018956495,0.0018991590617286,0,0.0030038750177906,1,0,1
45081,"Saluda","South Carolina",-0.0412653552014208,4.56984688459737,0,4.85870437100731,"2020-09-28",251,4.59222967471236,-0.0340954399109043,4.6272062069215,4.62003629163098,-0.0077894260050269,0,-0.0076012203903647,-1,0,-1
45081,"Saluda","South Carolina",-0.0269679264275082,4.64296095958724,0,4.8317364445798,"2020-09-29",252,4.52023457518231,-0.0209781656859954,4.69087904551935,4.68488928477783,0.0142974287739126,0,0.0131172742249089,1,0,1
45081,"Saluda","South Carolina",-0.0300600668057964,4.59125591013343,0,4.801676377774,"2020-09-30",253,4.46261864200418,-0.0241092590633295,4.63886237207316,4.63291156433069,-0.0030921403782882,0,-0.0031310933773341,-1,0,-1
45081,"Saluda","South Carolina",-0.0334159969198411,4.53434840241527,0,4.76826038085416,"2020-10-01",254,4.40671924726425,-0.0239457579752435,4.61011031397205,4.60064007502746,-0.0033559301140447,0,0.000163501088086,-1,0,1
45081,"Saluda","South Carolina",-0.0421375844484046,4.43115970526692,0,4.72612279640575,"2020-10-02",255,4.32318613465095,-0.0308792987887342,4.52122599054429,4.50996770488461,-0.00872158752856349,0,-0.0069335408134907,-1,0,-1
45081,"Saluda","South Carolina",-0.0426696920236219,4.38476526021678,0,4.68345310438213,"2020-10-03",256,4.21950770517611,-0.0280807098971541,4.50147711722852,4.48688813510205,-0.000532107575217301,0,0.0027985888915801,-1,0,1
45081,"Saluda","South Carolina",-0.0473381145446201,4.30474818802517,0,4.63611498983751,"2020-10-04",257,4.10852919721406,-0.0365459577441447,4.39108544242897,4.3802932856285,-0.0046684225209982,0,-0.0084652478469906,-1,0,-1
45081,"Saluda","South Carolina",-0.0438853151251581,4.28503246883625,0,4.59222967471236,"2020-10-05",258,3.9863350383927,-0.0340200013608836,4.36395497895044,4.35408966518617,0.003452799419462,0,0.0025259563832611,1,0,1
45081,"Saluda","South Carolina",-0.07199509953005,4.01626887847196,0,4.52023457518231,"2020-10-06",259,3.88008995832514,-0.0526317783123056,4.17117544821392,4.15181212699617,-0.0281097844048919,0,-0.018611776951422,-1,0,-1
45081,"Saluda","South Carolina",-0.0576159331781269,4.0593071097573,0,4.46261864200418,"2020-10-07",260,3.73426245996176,-0.0434935059264861,4.17228652777042,4.15816410051878,0.0143791663519231,0,0.0091382723858195,1,0,1
45081,"Saluda","South Carolina",-0.0558993947399283,4.01542348408475,0,4.40671924726425,"2020-10-08",261,3.57954279007647,-0.0437979474732818,4.11223506221793,4.10013361495128,0.00171653843819861,0,-0.000304441546795702,1,0,-1
45081,"Saluda","South Carolina",-0.0835331126132967,3.73845434635787,0,4.32318613465095,"2020-10-09",262,3.48781185449893,-0.0572827430563741,3.94845730281326,3.92220693325633,-0.0276337178733684,0,-0.0134847955830923,-1,0,-1
45081,"Saluda","South Carolina",-0.103678429474835,3.49375869885226,0,4.21950770517611,"2020-10-10",263,3.47903986842609,-0.062910229194919,3.8199043010916,3.77913610081168,-0.0201453168615383,0,-0.0056274861385449,-1,0,-1
45081,"Saluda","South Carolina",-0.11097850796205,3.33167964147971,0,4.10852919721406,"2020-10-11",264,3.48781185449893,-0.069296416980359,3.66513636933324,3.62345427835155,-0.00730007848721501,0,-0.00638618778544001,-1,0,-1
45081,"Saluda","South Carolina",-0.122194158821368,3.13097592664312,0,3.9863350383927,"2020-10-12",265,3.5179216559703,-0.0680932143974811,3.56378348203421,3.50968253761033,-0.011215650859318,0,0.0012032025828779,-1,0,1
45081,"Saluda","South Carolina",-0.10624508006756,3.13637439785222,0,3.88008995832514,"2020-10-13",266,3.55125807623789,-0.0661290809143674,3.45730239107776,3.41718639192457,0.015949078753808,0,0.00196413348311371,1,0,1
45081,"Saluda","South Carolina",-0.145827498363381,2.71346997141809,0,3.73426245996176,"2020-10-14",267,3.55942138687705,-0.0780012201284817,3.25608019729729,3.18825391906239,-0.039582418295821,0,-0.0118721392141143,-1,0,-1
45081,"Saluda","South Carolina",-0.154719669885282,2.4965051008795,0,3.57954279007647,"2020-10-15",268,3.53472877428668,-0.0812007303558835,3.08465661711469,3.01113767758529,-0.008892171521901,0,-0.00319951022740181,-1,0,-1
45081,"Saluda","South Carolina",-0.0917309355775534,2.84569530545605,0,3.48781185449893,"2020-10-16",269,3.5179216559703,-0.0688466406331738,3.02876966501108,3.00588537006671,0.0629887343077286,0,0.0123540897227097,1,0,1
45081,"Saluda","South Carolina",-0.00877198607283837,3.41763596591622,0,3.47903986842609,"2020-10-17",270,3.46573590279973,-0.018021132865862,3.34364279157203,3.35289193836506,0.082958949504715,0,0.0508255077673118,1,0,1
45081,"Saluda","South Carolina",0.00877198607283767,3.54921575700879,0.00877198607283747,3.54921575700879,"2020-10-18",271,3.41538201665411,0.00503426185368556,3.51931396325557,3.52305168747473,0.017543972145676,0.00877198607283747,0.0230553947195476,1,1,1
45081,"Saluda","South Carolina",0.0301098014713697,3.72869026626988,0.0301098014713701,3.72869026626989,"2020-10-19",272,3.34739467566918,0.0311955061772715,3.7373759039171,3.7362901992112,0.021337815398532,0.0213378153985326,0.0261612443235859,1,1,1
45081,"Saluda","South Carolina",0.0333364202675908,3.78461301811103,0.0333364202675934,3.78461301811104,"2020-10-20",273,3.26357600378611,0.0318191446630976,3.77247481327508,3.77399208887957,0.0032266187962211,0.0032266187962233,0.000623638485826097,1,1,1
45081,"Saluda","South Carolina",0.00816331063915908,3.61656456135116,0.00816331063915898,3.61656456135116,"2020-10-21",274,3.20738144544246,0.00717860749312989,3.60868693618293,3.60967163932896,-0.0251731096284317,-0.0251731096284344,-0.0246405371699677,-1,-1,-1
45081,"Saluda","South Carolina",-0.02469261259037,3.36188048615409,0,3.53472877428668,"2020-10-22",275,3.17208366336144,-0.0280323721573503,3.33516240961825,3.33850216918523,-0.0328559232295291,-0.00816331063915898,-0.0352109796504802,-1,-1,-1
45081,"Saluda","South Carolina",-0.0168071183163826,3.40027182775562,0,3.5179216559703,"2020-10-23",276,3.14784005175145,-0.0231566966550874,3.34947520104598,3.35582477938469,0.0078854942739874,0,0.0048756755022629,1,0,1
45081,"Saluda","South Carolina",-0.0521857531705696,3.10043563060574,0,3.46573590279973,"2020-10-24",277,3.16003532484527,-0.0510638070507031,3.10941119956468,3.10828925344481,-0.035378634854187,0,-0.0279071103956157,-1,0,-1
45081,"Saluda","South Carolina",-0.050353886145615,3.06290481363481,0,3.41538201665411,"2020-10-25",278,3.16003532484527,-0.0500914874572772,3.06500400314151,3.06474160445317,0.0018318670249546,0,0.000972319593425898,1,0,1
45081,"Saluda","South Carolina",-0.0679873409849386,2.87148328877461,0,3.34739467566918,"2020-10-26",279,3.17208366336144,-0.0598975154499913,2.93620189305418,2.92811206751924,-0.0176334548393236,0,-0.0098060279927141,-1,0,-1
45081,"Saluda","South Carolina",-0.0838186718830706,2.67684530060461,0,3.26357600378611,"2020-10-27",280,3.21314515015922,-0.0728908509017385,2.76426786845527,2.75334004747394,-0.015831330898132,0,-0.0129933354517472,-1,0,-1
45081,"Saluda","South Carolina",-0.0561945583436403,2.81401953703698,0,3.20738144544246,"2020-10-28",281,3.25258688221051,-0.054450114539599,2.82797508746932,2.82623064366527,0.0276241135394303,0,0.0184407363621395,1,0,1
45081,"Saluda","South Carolina",-0.0352977820810218,2.92499918879429,0,3.17208366336144,"2020-10-29",282,3.31678003984957,-0.0394121022459304,2.89208462747502,2.89619894763993,0.0208967762626185,0,0.0150380122936686,1,0,1
45081,"Saluda","South Carolina",-0.024243611609991,2.97813477048151,0,3.14784005175145,"2020-10-30",283,3.35739475900376,-0.0286311194483054,2.943034707775,2.94742221561331,0.0110541704710308,0,0.010780982797625,1,0,1
45081,"Saluda","South Carolina",0.0121952730938182,3.245402236502,0.0121952730938188,3.245402236502,"2020-10-31",284,3.40119738166216,0.00996777657049525,3.22758226431541,3.22980976083874,0.0364388847038092,0.0121952730938188,0.0385988960188006,1,1,1
45081,"Saluda","South Carolina",6.28036983473505e-16,3.16003532484527,0,3.16003532484527,"2020-11-01",285,3.43858491373377,0.00412118977980844,3.19300484308374,3.18888365330393,-0.0121952730938176,-0.0121952730938188,-0.00584658679068681,-1,-1,-1
45081,"Saluda","South Carolina",0.0120483385161754,3.25642203297467,0.0120483385161751,3.25642203297467,"2020-11-02",286,3.46126162240481,0.0116792694185016,3.25346948019328,3.25383854929095,0.0120483385161748,0.0120483385161751,0.00755807963869316,1,1,1
45081,"Saluda","South Carolina",0.0410614867977728,3.50057555774363,0.0410614867977737,3.50057555774363,"2020-11-03",287,3.47903986842609,0.0449795557740798,3.53192010955408,3.52800204057778,0.0290131482815974,0.0290131482815986,0.0333002863555782,1,1,1
45081,"Saluda","South Carolina",0.0394417320512963,3.52867900656959,0.0394417320512965,3.52867900656959,"2020-11-04",288,3.50512830451039,0.039679098627319,3.53057793917777,3.53034057260174,-0.0016197547464765,-0.0016197547464772,-0.0053004571467608,-1,-1,-1
45081,"Saluda","South Carolina",0.0641931576390631,3.76613214332302,0.0641931576390595,3.76613214332299,"2020-11-05",289,3.52636052461616,0.0546617758157627,3.68988108873661,3.69941247055991,0.0247514255877668,0.024751425587763,0.0149826771884437,1,1,1
45081,"Saluda","South Carolina",0.0406147191541887,3.64169779308308,0.0406147191541884,3.64169779308308,"2020-11-06",290,3.54715129428523,0.041134201507061,3.64585365190606,3.64533416955319,-0.0235784384848744,-0.0235784384848711,-0.0135275743087017,-1,-1,-1
45081,"Saluda","South Carolina",0.043802622658396,3.70781574027093,0.0438026226583936,3.70781574027091,"2020-11-07",291,3.57555076880693,0.046037343702408,3.72569350862302,3.72345878757902,0.0031879035042073,0.0031879035042052,0.004903142195347,1,1,1
45081,"Saluda","South Carolina",0.03738753207162,3.70029763823511,0.037387532071619,3.70029763823511,"2020-11-08",292,3.62243435470578,0.0398522026600204,3.72001500294232,3.71755033235391,-0.00641509058677599,-0.00641509058677461,-0.0061851410423876,-1,-1,-1
45081,"Saluda","South Carolina",0.0226767086710324,3.61999858310203,0.0226767086710322,3.61999858310203,"2020-11-09",293,3.67086094861126,0.0244640750330871,3.63429751399847,3.63251014763642,-0.0147108234005876,-0.0147108234005868,-0.0153881276269333,-1,-1,-1
45081,"Saluda","South Carolina",0.0177782460212809,3.60348759057505,0.0177782460212819,3.60348759057506,"2020-11-10",294,3.68887945411394,0.0211679193636006,3.63060497731361,3.62721530397129,-0.0048984626497515,-0.0048984626497503,-0.0032961556694865,-1,-1,-1
45081,"Saluda","South Carolina",0.0260884360842984,3.68774735710048,0.026088436084299,3.68774735710048,"2020-11-11",295,3.71705033108063,0.0266404956470821,3.69216383360275,3.69161177403996,0.0083101900630175,0.0083101900630171,0.0054725762834815,1,1,1
45081,"Saluda","South Carolina",0.021232220105775,3.67498606535659,0.021232220105774,3.67498606535658,"2020-11-12",296,3.73766961828337,0.0224664123129898,3.68485960301431,3.68362541080709,-0.0048562159785234,-0.004856215978525,-0.0041740833340923,-1,-1,-1
45081,"Saluda","South Carolina",0.0207907696690733,3.69268668196875,0.0207907696690732,3.69268668196875,"2020-11-13",297,3.7744016275521,0.022822536671076,3.70894081798477,3.70690905098276,-0.000441450436701699,-0.0004414504367008,0.000356124358086202,-1,-1,1
45081,"Saluda","South Carolina",0.0283994745216981,3.77434709045882,0.0283994745216978,3.77434709045882,"2020-11-14",298,3.80029304148484,0.0301753093486931,3.78855376907477,3.78677793424778,0.0076087048526248,0.0076087048526246,0.0073527726776171,1,1,1
45081,"Saluda","South Carolina",0.0468835858988533,3.95061945599776,0.0468835858988501,3.95061945599773,"2020-11-15",299,3.81928095372953,0.0472087865810276,3.95322106145515,3.95289586077297,0.0184841113771552,0.0184841113771523,0.0170334772323345,1,1,1
45081,"Saluda","South Carolina",0.0484265939054785,4.00984710594961,0.0484265939054755,4.00984710594959,"2020-11-16",300,3.84098723231139,0.0478673882732653,4.0053734608919,4.00593266652412,0.0015430080066252,0.0015430080066254,0.000658601692237706,1,1,1
45081,"Saluda","South Carolina",0.0180185055026781,3.81500899263268,0.018018505502678,3.81500899263268,"2020-11-17",301,3.87713574642771,0.0190715913508578,3.82343367941812,3.82238059356994,-0.0304080884028004,-0.0304080884027975,-0.0287957969224075,-1,-1,-1
45081,"Saluda","South Carolina",0.0281708769666973,3.91424646984751,0.0281708769666955,3.9142464698475,"2020-11-18",302,3.89182029811063,0.0289309560277369,3.92032710233584,3.91956702327479,0.0101523714640192,0.0101523714640175,0.0098593646768791,1,1,1
45081,"Saluda","South Carolina",0.020619287202735,3.88200462870251,0.0206192872027366,3.88200462870252,"2020-11-19",303,3.90629233071916,0.0222295298951588,3.8948865702419,3.89327632754948,-0.0075515897639623,-0.0075515897639589,-0.0067014261325781,-1,-1,-1
45081,"Saluda","South Carolina",0.0367320092687302,4.03152569243321,0.0367320092687304,4.03152569243321,"2020-11-20",304,3.91202300542815,0.0374010450964107,4.03687797905466,4.03620894322697,0.0161127220659952,0.0161127220659938,0.0151715152012519,1,1,1
45081,"Saluda","South Carolina",0.0258914139327412,3.98153293901403,0.0258914139327406,3.98153293901402,"2020-11-21",305,3.92338676407846,0.0259400319603004,3.9819218832345,3.98187326520694,-0.010840595335989,-0.0108405953359898,-0.0114610131361103,-1,-1,-1
45081,"Saluda","South Carolina",0.0189879122446924,3.95219633944238,0.0189879122446923,3.95219633944238,"2020-11-22",306,3.92902058179672,0.0196347552618572,3.9573710835797,3.95672424056253,-0.0069035016880488,-0.0069035016880483,-0.0063052766984432,-1,-1,-1
45081,"Saluda","South Carolina",0.0217062785818638,3.99293118238444,0.0217062785818629,3.99293118238444,"2020-11-23",307,3.93182563272433,0.0227748770553078,4.00147997017199,4.00041137169854,0.0027183663371714,0.0027183663371706,0.0031401217934506,1,1,1
45081,"Saluda","South Carolina",0.0361485141163101,4.13017534524188,0.0361485141163111,4.13017534524188,"2020-11-24",308,3.93182563272433,0.035489061558663,4.12489972478069,4.12555917733835,0.0144422355344463,0.0144422355344482,0.0127141845033552,1,1,1
45081,"Saluda","South Carolina",0.014684551682921,3.99461215989107,0.0146845516829206,3.99461215989107,"2020-11-25",309,3.94573406277046,0.0141717005912715,3.99050935115788,3.99102220224953,-0.0214639624333891,-0.0214639624333905,-0.0213173609673915,-1,-1,-1
45081,"Saluda","South Carolina",0.0144720326085347,4.0075965589789,0.0144720326085341,4.0075965589789,"2020-11-26",310,3.95124371858143,0.0161900896854608,4.02134101559432,4.01962295851739,-0.0002125190743863,-0.0002125190743865,0.0020183890941893,-1,-1,1
45081,"Saluda","South Carolina",0.00573067470898446,3.95213772839104,0.00573067470898536,3.95213772839104,"2020-11-27",311,3.95124371858143,0.00905586780616248,3.97873927316846,3.97541408007129,-0.00874135789955024,-0.00874135789954874,-0.00713422187929832,-1,-1,-1
45081,"Saluda","South Carolina",0.0113637586503155,4.00293307463067,0.0113637586503157,4.00293307463067,"2020-11-28",312,3.94573406277046,0.0126501613433412,4.01322429617488,4.01193789348185,0.00563308394133104,0.00563308394133034,0.00359429353717872,1,1,1
45081,"Saluda","South Carolina",0.0056338177182568,3.96845730582452,0.00563381771825622,3.96845730582451,"2020-11-29",313,3.93462283734539,0.00875504740111829,3.99342714328741,3.99030591360455,-0.0057299409320587,-0.00572994093205948,-0.00389511394222291,-1,-1,-1
45081,"Saluda","South Carolina",0.00280505092760708,3.95146098921758,0.00280505092760786,3.95146098921758,"2020-11-30",314,3.92055790787798,0.00853079196208163,3.99726691749337,3.9915411764589,-0.00282876679064972,-0.00282876679064836,-0.000224255439036659,-1,-1,-1
45081,"Saluda","South Carolina",0,3.93182563272433,0,3.93182563272433,"2020-12-01",315,3.90341463089155,-0.0113326892908247,3.84116411839773,3.85249680768856,-0.00280505092760708,-0.00280505092760786,-0.0198634812529063,-1,-1,-1
45081,"Saluda","South Carolina",0.0139084300461316,4.04309307309338,0.0139084300461318,4.04309307309338,"2020-12-02",316,3.90629233071916,0.0150401897726231,4.05214715090532,4.05101539117882,0.0139084300461316,0.0139084300461318,0.0263728790634478,1,1,1
45081,"Saluda","South Carolina",0.00550965581096954,3.98981130925821,0.00550965581096996,3.98981130925822,"2020-12-03",317,3.92055790787798,0.00912923203490381,4.01876791904969,4.01514834282576,-0.00839877423516206,-0.00839877423516184,-0.00591095773771929,-1,-1,-1
45081,"Saluda","South Carolina",-1.25607396694711e-15,3.95124371858142,0,3.95124371858143,"2020-12-04",318,3.94849268520954,0.00710517859520314,4.00808514734306,4.00097996874785,-0.0055096558109708,-0.00550965581096996,-0.00202405343970067,-1,-1,-1
45081,"Saluda","South Carolina",-0.00550965581096828,3.90716647209368,0,3.94573406277046,"2020-12-05",319,3.9863350383927,-0.00728616721054333,3.89295438089708,3.89473089229666,-0.00550965581096702,0,-0.0143913458057465,-1,0,-1
45081,"Saluda","South Carolina",-0.0111112254250732,3.85684425936987,0,3.93462283734539,"2020-12-06",320,4.03044076024262,-0.0106510985159063,3.86052527464321,3.86006514773405,-0.00560156961410492,0,-0.00336493130536297,-1,0,-1
45081,"Saluda","South Carolina",-0.0140649294674022,3.82210340160617,0,3.92055790787798,"2020-12-07",321,4.07753744390572,-0.0133462583242512,3.82785277075138,3.82713409960822,-0.002953704042329,0,-0.0026951598083449,-1,0,-1
45081,"Saluda","South Carolina",-0.0171432769864364,3.78341169198649,0,3.90341463089155,"2020-12-08",322,4.12943588203337,-0.0150695164737106,3.80000177608829,3.79792801557558,-0.0030783475190342,0,-0.0017232581494594,-1,0,-1
45081,"Saluda","South Carolina",0.00287769982761436,3.92643622951246,0.00287769982761432,3.92643622951246,"2020-12-09",323,4.15440880296475,0.00647023732135623,3.9551765294624,3.95158399196865,0.0200209768140508,0.00287769982761432,0.0215397537950668,1,1,1
45081,"Saluda","South Carolina",0.0142655771588211,4.02041694798973,0.0142655771588225,4.02041694798974,"2020-12-10",324,4.19827548507033,0.0141880274740101,4.01979655051124,4.01987410019605,0.0113878773312067,0.0113878773312082,0.00771779015265387,1,1,1
45081,"Saluda","South Carolina",0.0279347773315555,4.14403612653043,0.0279347773315552,4.14403612653043,"2020-12-11",325,4.24645234041956,0.0289530245261362,4.15218210408707,4.15116385689249,0.0136692001727344,0.0136692001727327,0.0147649970521261,1,1,1
45081,"Saluda","South Carolina",0.0378423531831597,4.25123151067482,0.03784235318316,4.25123151067482,"2020-12-12",326,4.28062652023215,0.0371266452496193,4.24550584720649,4.24622155514004,0.0099075758516042,0.0099075758516048,0.0081736207234831,1,1,1
45081,"Saluda","South Carolina",0.0441057218499225,4.33918081319208,0.0441057218499221,4.33918081319208,"2020-12-13",327,4.32129039948605,0.0434676219927642,4.33407601433481,4.33471411419197,0.0062633686667628,0.0062633686667621,0.0063409767431449,1,1,1
45081,"Saluda","South Carolina",0.0470966836630989,4.40721422954741,0.0470966836630993,4.40721422954741,"2020-12-14",328,4.37485814519527,0.0464877234575265,4.40234254790283,4.4029515081084,0.0029909618131764,0.0029909618131772,0.0030201014647623,1,1,1
45081,"Saluda","South Carolina",0.0518984381276507,4.49272494892693,0.0518984381276502,4.49272494892692,"2020-12-15",329,4.42227703729518,0.0524684590625166,4.49728511640585,4.49671509547099,0.0048017544645518,0.0048017544645509,0.0059807356049901,1,1,1
45081,"Saluda","South Carolina",0.0249729209313805,4.32921924948441,0.0249729209313809,4.32921924948442,"2020-12-16",330,4.47571211875121,0.0270900252470375,4.34615608400967,4.34403897969401,-0.0269255171962702,-0.0269255171962693,-0.0253784338154791,-1,-1,-1
45081,"Saluda","South Carolina",0.0438666821055837,4.50534225980942,0.0438666821055822,4.50534225980941,"2020-12-17",331,4.50928841428481,0.0433549798489562,4.5012486417564,4.50176034401302,0.0188937611742032,0.0188937611742013,0.0162649546019187,1,1,1
45081,"Saluda","South Carolina",0.0481768553492301,4.58369032786417,0.0481768553492268,4.58369032786415,"2020-12-18",332,4.5417738694293,0.0478188092786273,4.58082595929935,4.58118400536995,0.0043101732436464,0.0043101732436446,0.0044638294296711,1,1,1
45081,"Saluda","South Carolina",0.0341741798125915,4.51984577892029,0.0341741798125925,4.5198457789203,"2020-12-19",333,4.58058471051548,0.0365856202347998,4.53913730229796,4.53672586187575,-0.0140026755366386,-0.0140026755366343,-0.0112331890438275,-1,-1,-1
45081,"Saluda","South Carolina",0.0406638792538962,4.60593755426332,0.0406638792538967,4.60593755426333,"2020-12-20",334,4.62637239363869,0.0441681645955937,4.6339718369969,4.63046755165521,0.0064896994413047,0.0064896994413042,0.00758254436079391,1,1,1
45081,"Saluda","South Carolina",0.0535677457092167,4.74983236515979,0.0535677457092198,4.74983236515981,"2020-12-21",335,4.66478589566244,0.0518003495467733,4.73569319586024,4.73746059202268,0.0129038664553205,0.0129038664553231,0.0076321849511796,1,1,1
45081,"Saluda","South Carolina",0.047418892099913,4.75420928199457,0.0474188920999108,4.75420928199456,"2020-12-22",336,4.70695288029804,0.0500565331309613,4.77531041024296,4.77267276921191,-0.0061488536093037,-0.006148853609309,-0.00174381641581201,-1,-1,-1
45081,"Saluda","South Carolina",0.0534350814560217,4.84975768894336,0.0534350814560254,4.84975768894338,"2020-12-23",337,4.75605021694722,0.0510046190918309,4.83031399002983,4.83274445239403,0.0060161893561087,0.0060161893561146,0.0009480859608696,1,1,1
45081,"Saluda","South Carolina",0.0335762955336035,4.74432248302003,0.0335762955336047,4.74432248302004,"2020-12-24",338,4.81218435537242,0.0367167494306301,4.76944611419625,4.76630566029922,-0.0198587859224182,-0.0198587859224207,-0.0142878696612008,-1,-1,-1
45081,"Saluda","South Carolina",0.032485455144486,4.7691720554407,0.0324854551444878,4.76917205544071,"2020-12-25",339,4.85314571300348,0.0359410154834422,4.79681653815235,4.7933609778134,-0.0010908403891175,-0.0010908403891169,-0.000775733947187898,-1,-1,-1
45081,"Saluda","South Carolina",0.0388108410861824,4.85226059811875,0.0388108410861792,4.85226059811873,"2020-12-26",340,4.88927443709199,0.0414321904226806,4.87323139281075,4.87061004347424,0.0063253859416964,0.0063253859416914,0.0054911749392384,1,1,1
45081,"Saluda","South Carolina",0.0457876831232171,4.94688617550121,0.0457876831232165,4.94688617550121,"2020-12-27",341,4.91684776399609,0.0478059946137084,4.96303266742515,4.96101435593465,0.0069768420370347,0.0069768420370373,0.0063738041910278,1,1,1
45081,"Saluda","South Carolina",0.038413502023752,4.93368040982871,0.0384135020237517,4.93368040982871,"2020-12-28",342,4.93959952097951,0.041447341024557,4.95795112183515,4.95491728283434,-0.0073741810994651,-0.0073741810994648,-0.0063586535891514,-1,-1,-1
45081,"Saluda","South Carolina",0.0421669846355895,5.00212177274716,0.0421669846355917,5.00212177274718,"2020-12-29",343,4.95984312725615,0.0424970332137539,5.00476216137247,5.00443211279432,0.0037534826118375,0.00375348261184,0.0010496921891969,1,1,1
45081,"Saluda","South Carolina",0.0490973366491876,5.09973157349154,0.0490973366491883,5.09973157349154,"2020-12-30",344,4.97673374242057,0.0484912221897947,5.0948826578164,5.09548877227578,0.0069303520135981,0.0069303520135966,0.0059941889760408,1,1,1
45081,"Saluda","South Carolina",0.0561341384251924,5.20512332434876,0.0561341384251923,5.20512332434876,"2020-12-31",345,4.99817705917421,0.0526228071324848,5.1770326740071,5.18054400529981,0.0070368017760048,0.007036801776004,0.0041315849426901,1,1,1
45081,"Saluda","South Carolina",0.0409613576310672,5.13987521642095,0.0409613576310646,5.13987521642093,"2021-01-01",346,5.01158722182164,0.0392246959756768,5.12598192317783,5.12771858483322,-0.0151727807941252,-0.0151727807941277,-0.013398111156808,-1,-1,-1
45081,"Saluda","South Carolina",0.036128724088508,5.14217550571155,0.036128724088508,5.14217550571155,"2021-01-02",347,5.02105698955867,0.0361060423123219,5.14199405150206,5.14201673327824,-0.0048326335425592,-0.0048326335425566,-0.0031186536633549,-1,-1,-1
45081,"Saluda","South Carolina",0.027573326904102,5.1098610523248,0.0275733269041014,5.1098610523248,"2021-01-03",348,5.04434635143857,0.0289474194826975,5.12085379295357,5.11947970037497,-0.008555397184406,-0.0085553971844066,-0.0071586228296244,-1,-1,-1
45081,"Saluda","South Carolina",0.0227517569834137,5.0988618198634,0.022751756983415,5.09886181986341,"2021-01-04",349,5.05987887019819,0.0225895196730705,5.09756392138065,5.097726158691,-0.0048215699206883,-0.0048215699206864,-0.006357899809627,-1,-1,-1
45081,"Saluda","South Carolina",0.0202436062766469,5.10154837119268,0.0202436062766473,5.10154837119268,"2021-01-05",350,5.06710564058432,0.0206924828915232,5.1051393841117,5.10469050749681,-0.0025081507067668,-0.0025081507067677,-0.0018970367815473,-1,-1,-1
45081,"Saluda","South Carolina",0.0168906151644208,5.09496804857152,0.0168906151644208,5.09496804857152,"2021-01-06",351,5.07428055925661,0.0171801719206548,5.09728450262139,5.09699494586515,-0.0033529911122261,-0.0033529911122265,-0.0035123109708684,-1,-1,-1
45081,"Saluda","South Carolina",0.02144331675364,5.14828027644969,0.021443316753639,5.14828027644969,"2021-01-07",352,5.07695793702733,0.0217318910871861,5.15058887111806,5.15030029678451,0.0045527015892192,0.0045527015892182,0.0045517191665313,1,1,1
45081,"Saluda","South Carolina",0.0134101626474237,5.1054583603536,0.0134101626474239,5.1054583603536,"2021-01-08",353,5.09899496807406,0.0133358406031032,5.10486378399904,5.10493810604336,-0.0080331541062163,-0.0080331541062151,-0.0083960504840829,-1,-1,-1
45081,"Saluda","South Carolina",0.00946976773703471,5.08734536371792,0.00946976773703589,5.08734536371792,"2021-01-09",354,5.1273595684044,0.0116173588827292,5.10452609288347,5.10237850173777,-0.00394039491038899,-0.00394039491038801,-0.001718481720374,-1,-1,-1
45081,"Saluda","South Carolina",0.0232893618798949,5.20737188459783,0.0232893618798933,5.20737188459782,"2021-01-10",355,5.14583196603984,0.0212911832780146,5.19138645578279,5.19338463438467,0.0138195941428602,0.0138195941428574,0.0096738243952854,1,1,1
45081,"Saluda","South Carolina",0.015532518759625,5.16860650151557,0.0155325187596258,5.16860650151557,"2021-01-11",356,5.16804596051072,0.0160907399807573,5.17307227128463,5.17251405006349,-0.0077568431202699,-0.0077568431202675,-0.0052004432972573,-1,-1,-1
45081,"Saluda","South Carolina",0.00722677038612597,5.1176930332872,0.00722677038612662,5.11769303328721,"2021-01-12",357,5.19454289404584,0.00889090773748389,5.13100613209806,5.12934199474671,-0.00830574837349903,-0.00830574837349918,-0.00719983224327341,-1,-1,-1
45081,"Saluda","South Carolina",0.00717491867229423,5.12450498996267,0.00717491867229381,5.12450498996267,"2021-01-13",358,5.22266974820872,0.00896515095677943,5.13882684823855,5.13703661595407,-5.18517138317406e-05,-5.185171383281e-05,7.42432192955399e-05,-1,-1,1
45081,"Saluda","South Carolina",0.00267737777071336,5.09569958142232,0.00267737777071364,5.09569958142232,"2021-01-14",359,5.24702407216049,0.00758266087771125,5.1349418462783,5.13003656317131,-0.00449754090158087,-0.00449754090158017,-0.00138249007906818,-1,-1,-1
45081,"Saluda","South Carolina",0.0220370310467309,5.25325418540117,0.0220370310467324,5.25325418540119,"2021-01-15",360,5.26269018890489,0.0224656292966355,5.25668297140041,5.25625437315051,0.0193596532760175,0.0193596532760188,0.0148829684189243,1,1,1
45081,"Saluda","South Carolina",0.0283646003303425,5.3259117707168,0.0283646003303408,5.32591177071679,"2021-01-16",361,5.28826703069454,0.0287875402016437,5.32929528968721,5.32887234981591,0.0063275692836116,0.0063275692836084,0.0063219109050082,1,1,1
45081,"Saluda","South Carolina",0.0184723976354436,5.27513874948795,0.018472397635442,5.27513874948793,"2021-01-17",362,5.31109255803676,0.0184407257074652,5.27488537406412,5.2749170459921,-0.0098922026948989,-0.0098922026948988,-0.0103468144941785,-1,-1,-1
45081,"Saluda","South Carolina",0.0222139944708829,5.3235439218069,0.0222139944708823,5.3235439218069,"2021-01-18",363,5.33271879326537,0.0225068605507747,5.32588685044604,5.32559398436614,0.0037415968354393,0.0037415968354403,0.0040661348433095,1,1,1
45081,"Saluda","South Carolina",0.0264969335351191,5.38002142879168,0.0264969335351202,5.38002142879168,"2021-01-19",364,5.35591219308262,0.0269937409686433,5.38399588825987,5.38349908082634,0.0042829390642362,0.0042829390642379,0.0044868804178686,1,1,1
45081,"Saluda","South Carolina",0.0281268541628732,5.41955772734883,0.0281268541628759,5.41955772734885,"2021-01-20",365,5.37196604957118,0.0275238590225992,5.41473376622663,5.41533676136691,0.0016299206277541,0.0016299206277557,0.000530118053955902,1,1,1
45081,"Saluda","South Carolina",0.0243543239517662,5.41750433982285,0.0243543239517665,5.41750433982285,"2021-01-21",366,5.38580482067115,0.0252951081348916,5.42503061328785,5.42408982910473,-0.003772530211107,-0.0037725302111094,-0.0022287508877076,-1,-1,-1
45081,"Saluda","South Carolina",0.0156661167443997,5.37235300611568,0.0156661167443994,5.37235300611568,"2021-01-22",367,5.39622158152941,0.0169167640620743,5.38235818465708,5.38110753733941,-0.0086882072073665,-0.0086882072073671,-0.0083783440728173,-1,-1,-1
45081,"Saluda","South Carolina",0.0255768417896508,5.46730492322209,0.0255768417896496,5.46730492322208,"2021-01-23",368,5.40781218134432,0.0261491813260215,5.47188363951306,5.47131129997669,0.0099107250452511,0.0099107250452502,0.0092324172639472,1,1,1
45081,"Saluda","South Carolina",0.0228255273422259,5.47087124943234,0.0228255273422269,5.47087124943235,"2021-01-24",369,5.4324735639414,0.0228832163975282,5.47133276187477,5.47127507281946,-0.0027513144474249,-0.0027513144474227,-0.0032659649284933,-1,-1,-1
45081,"Saluda","South Carolina",0.0216262352286058,5.48410243986561,0.0216262352286067,5.48410243986562,"2021-01-25",370,5.44919739750717,0.0220971148137302,5.4878694765466,5.48739859696148,-0.0011992921136201,-0.0011992921136202,-0.000786101583798,-1,-1,-1
45081,"Saluda","South Carolina",0.0231933998172518,5.51826599180338,0.0231933998172504,5.51826599180337,"2021-01-26",371,5.46564613875585,0.0246558550800392,5.52996563390568,5.52850317864289,0.001567164588646,0.0015671645886437,0.002558740266309,1,1,1
45081,"Saluda","South Carolina",0.0160538564885611,5.48434304499111,0.0160538564885613,5.48434304499111,"2021-01-27",372,5.49129621781598,0.0175016024289466,5.49592501251419,5.49447726657381,-0.0071395433286907,-0.0071395433286891,-0.0071542526510926,-1,-1,-1
45081,"Saluda","South Carolina",0.0138387710999705,5.48267621837094,0.0138387710999703,5.48267621837094,"2021-01-28",373,5.51400461718579,0.0149487443650331,5.49155600449144,5.49044603122638,-0.0022150853885906,-0.002215085388591,-0.0025528580639135,-1,-1,-1
45081,"Saluda","South Carolina",0.0104167608582592,5.46913890753722,0.0104167608582593,5.46913890753722,"2021-01-29",374,5.5446192530054,0.0125499140386418,5.48620413298028,5.4840709797999,-0.0034220102417113,-0.003422010241711,-0.0023988303263913,-1,-1,-1
45081,"Saluda","South Carolina",0.0115905998149075,5.48894638004867,0.0115905998149071,5.48894638004867,"2021-01-30",375,5.56287702157896,0.0133272277973533,5.50283940390824,5.50110277592579,0.0011738389566483,0.0011738389566478,0.0007773137587115,1,1,1
45081,"Saluda","South Carolina",0.0246613825970857,5.605103242121,0.0246613825970856,5.605103242121,"2021-01-31",376,5.56725339617876,0.0243466986706542,5.60258577070955,5.60290045463598,0.0130707827821782,0.0130707827821785,0.0110194708733009,1,1,1
45081,"Saluda","South Carolina",0.0167238335657687,5.56626423246756,0.0167238335657718,5.56626423246758,"2021-02-01",377,5.57594910314632,0.0163519656984284,5.56328928952883,5.56366115739617,-0.007937549031317,-0.0079375490313138,-0.0079947329722258,-1,-1,-1
45081,"Saluda","South Carolina",0.0164487412486734,5.58078732749656,0.0164487412486736,5.58078732749656,"2021-02-02",378,5.58295910758694,0.0159105367123402,5.57648169120589,5.57701989574223,-0.000275092317095299,-0.000275092317098203,-0.000441428986088201,-1,-1,-1
45081,"Saluda","South Carolina",0.025650079060131,5.6708467712369,0.0256500790601333,5.67084677123691,"2021-02-03",379,5.5851061830226,0.0245795587391682,5.6622826086692,5.66335312899016,0.0092013378114576,0.0092013378114597,0.008669022026828,1,1,1
45081,"Saluda","South Carolina",0.0227083993698135,5.67296341277449,0.0227083993698098,5.67296341277446,"2021-02-04",380,5.58778356079332,0.0203081474059585,5.65376139706365,5.6561616490275,-0.0029416796903175,-0.0029416796903235,-0.0042714113332097,-1,-1,-1
45081,"Saluda","South Carolina",0.0306146358196087,5.75892170374266,0.0306146358196075,5.75892170374265,"2021-02-05",381,5.58617799448641,0.0261051776153011,5.7228460381082,5.72735549631251,0.0079062364497952,0.0079062364497977,0.0057970302093426,1,1,1
45081,"Saluda","South Carolina",0.0182577685735664,5.69068140159393,0.0182577685735659,5.69068140159393,"2021-02-06",382,5.58242161765194,0.0130017934444925,5.64863360056134,5.65388957569041,-0.0123568672460423,-0.0123568672460416,-0.0131033841708086,-1,-1,-1
45081,"Saluda","South Carolina",0.00437637459979788,5.59788801837735,0.00437637459979889,5.59788801837736,"2021-02-07",383,5.57703076901706,0.00444111949677385,5.59840597755315,5.59834123265618,-0.0138813939737685,-0.013881393973767,-0.00856067394771865,-1,-1,-1
45081,"Saluda","South Carolina",0.00869570696755232,5.63681905191918,0.0086957069675524,5.63681905191918,"2021-02-08",384,5.57757116351818,0.00716043977259969,5.62453691435956,5.62607218155452,0.00431933236775444,0.00431933236775351,0.00271932027582584,1,1,1
45081,"Saluda","South Carolina",0.00701000444062191,5.63202913867129,0.00701000444062228,5.63202913867129,"2021-02-09",385,5.57432440741932,0.00579620033058773,5.62231870579102,5.62353250990105,-0.00168570252693041,-0.00168570252693012,-0.00136423944201196,-1,-1,-1
45081,"Saluda","South Carolina",0.00214707543566246,5.60013571107224,0.00214707543566295,5.60013571107224,"2021-02-10",386,5.57432440741932,0.00351265041498048,5.61106031090678,5.60969473592746,-0.00486292900495945,-0.00486292900495933,-0.00228354991560725,-1,-1,-1
45081,"Saluda","South Carolina",0.00267737777071713,5.60652520518834,0.00267737777071719,5.60652520518834,"2021-02-11",387,5.57811126615081,0.00317804647470246,5.61053055482022,5.61002988611624,0.00053030233505467,0.00053030233505424,-0.00033460394027802,1,1,-1
45081,"Saluda","South Carolina",-0.00160556630690719,5.57493903033806,0,5.58617799448641,"2021-02-12",388,5.58403322154627,-0.00532219060296815,5.54520603596958,5.54892266026563,-0.00428294407762432,-0.00267737777071719,-0.00850023707767061,-1,-1,-1
45081,"Saluda","South Carolina",-0.0037563768344759,5.5561269798106,0,5.58242161765194,"2021-02-13",389,5.59205251071289,-0.00794010495439071,5.52265715485128,5.52684088297121,-0.00215081052756871,0,-0.00261791435142256,-1,0,-1
45081,"Saluda","South Carolina",-0.00539084863487768,5.53929482857291,0,5.57703076901706,"2021-02-14",390,5.60000800215401,-0.00775049506777339,5.52041765710975,5.52277730354265,-0.00163447180040178,0,0.000189609886617321,-1,0,1
45081,"Saluda","South Carolina",0.000540394501126623,5.58135392502607,0.000540394501126862,5.58135392502607,"2021-02-15",391,5.59311690676868,0.00232580352342765,5.59563719720448,5.59385178818217,0.0059312431360043,0.000540394501126862,0.010076298591201,1,1,1
45081,"Saluda","South Carolina",-0.00324675609886607,5.55159711472725,0,5.57432440741932,"2021-02-16",392,5.58992031374305,-0.00770150654592653,5.51595911115077,5.52041386159783,-0.00378715059999269,-0.000540394501126862,-0.0100273100693542,-1,-1,-1
45081,"Saluda","South Carolina",0,5.57432440741932,0,5.57432440741932,"2021-02-17",393,5.57919059707049,-0.00878620416511164,5.50403477409843,5.51282097826354,0.00324675609886607,0,-0.00108469761918511,1,0,-1
45081,"Saluda","South Carolina",0.00378685873149793,5.6046192772713,0.00378685873149731,5.60461927727129,"2021-02-18",394,5.56287702157896,0.00475326921681752,5.61235056115386,5.61138415066853,0.00378685873149793,0.00378685873149731,0.0135394733819292,1,1,1
45081,"Saluda","South Carolina",0.00592195539546112,5.6254869093145,0.00592195539546125,5.6254869093145,"2021-02-19",395,5.54629289356343,0.0036274061109944,5.60713051503877,5.60942506432323,0.00213509666396319,0.00213509666396394,-0.00112586310582312,1,1,-1
45081,"Saluda","South Carolina",0.00801928916661792,5.64818753487922,0.00801928916661954,5.64818753487923,"2021-02-20",396,5.52203218323054,0.0063641576257551,5.63494648255231,5.63660161409318,0.0020973337711568,0.00209733377115829,0.0027367515147607,1,1,1
45081,"Saluda","South Carolina",0.00795549144111398,5.65569644224181,0.00795549144111352,5.6556964422418,"2021-02-21",397,5.49306144334055,0.00586223983111194,5.63895042936178,5.64104368097179,-6.3797725503939e-05,-6.37977255060207e-05,-0.00050191779464316,-1,-1,-1
45081,"Saluda","South Carolina",-0.00689109538532513,5.54487923907141,0,5.59311690676868,"2021-02-22",398,5.47406977460652,-0.00967461110492891,5.52261111331458,5.52539462903418,-0.0148465868264391,-0.00795549144111352,-0.0155368509360409,-1,-1,-1
45081,"Saluda","South Carolina",-0.00319659302562705,5.56754416256367,0,5.58992031374305,"2021-02-23",399,5.45715094203478,-0.00826345207852392,5.52700929014049,5.53207614919338,0.00369450235969808,0,0.00141115902640499,1,0,1
45081,"Saluda","South Carolina",-0.0107297166725692,5.5040825803625,0,5.57919059707049,"2021-02-24",400,5.44550508562005,-0.0111170785072293,5.50098368568522,5.50137104751988,-0.00753312364694215,0,-0.00285362642870538,-1,0,-1
45081,"Saluda","South Carolina",-0.0163135754915242,5.4486819931383,0,5.56287702157896,"2021-02-25",401,5.43122356377864,-0.014949337187371,5.45959589957152,5.45823166126736,-0.005583858818955,0,-0.0038322586801417,-1,0,-1
45081,"Saluda","South Carolina",-0.0165841280155353,5.43020399745468,0,5.54629289356343,"2021-02-26",402,5.40781218134432,-0.016464865633464,5.43115809651125,5.43103883412918,-0.000270552524011099,0,-0.001515528446093,-1,0,-1
45081,"Saluda","South Carolina",-0.0242607103328872,5.35220721090033,0,5.52203218323054,"2021-02-27",403,5.38972383287189,-0.0220443502085395,5.36993809189511,5.36772173177076,-0.0076765823173519,0,-0.0055794845750755,-1,0,-1
45081,"Saluda","South Carolina",-0.0289707398899918,5.29026626411061,0,5.49306144334055,"2021-02-28",404,5.38055546478501,-0.0275466799357029,5.30165874374492,5.30023468379063,-0.0047100295571046,0,-0.0055023297271634,-1,0,-1
45081,"Saluda","South Carolina",-0.0189916687340256,5.34112809346834,0,5.47406977460652,"2021-03-01",405,5.36664334904728,-0.0190770225223657,5.34044526316162,5.34053061694996,0.0099790711559662,0,0.0084696574133372,1,0,1
45081,"Saluda","South Carolina",-0.0169188325717462,5.33871911403255,0,5.45715094203478,"2021-03-02",406,5.34165049125441,-0.0171673308918279,5.3367311274719,5.33697962579198,0.0020728361622794,0,0.0019096916305378,1,0,1
45081,"Saluda","South Carolina",-0.0116458564147269,5.36398409071696,0,5.44550508562005,"2021-03-03",407,5.31320597904179,-0.0141962834330032,5.34358067457076,5.34613110158903,0.0052729761570193,0,0.0029710474588247,1,0,1
45081,"Saluda","South Carolina",-0.0142815218414042,5.33125291088881,0,5.43122356377864,"2021-03-04",408,5.28102586943798,-0.014930240572281,5.3260631610418,5.32671187977267,-0.0026356654266773,0,-0.0007339571392778,-1,0,-1
45081,"Saluda","South Carolina",-0.0234113824343195,5.24393250430408,0,5.40781218134432,"2021-03-05",409,5.25600616847632,-0.0219152937888927,5.2559012134675,5.25440512482207,-0.0091298605929153,0,-0.0069850532166117,-1,0,-1
45081,"Saluda","South Carolina",-0.018088348472426,5.26310539356491,0,5.38972383287189,"2021-03-06",410,5.22189903526113,-0.0187277942456809,5.25798982737887,5.25862927315212,0.0053230339618935,0,0.0031874995432118,1,0,1
45081,"Saluda","South Carolina",-0.00916836808688145,5.31637688817684,0,5.38055546478501,"2021-03-07",411,5.18017712424381,-0.0127517250369641,5.28771003257618,5.29129338952626,0.00891998038554455,0,0.0059760692087168,1,0,1
45081,"Saluda","South Carolina",-0.0139121157377235,5.26925853888322,0,5.36664334904728,"2021-03-08",412,5.13327424555436,-0.0152338296064689,5.25868482793326,5.260006541802,-0.00474374765084205,0,-0.0024821045695048,-1,0,-1
45081,"Saluda","South Carolina",-0.0249928577928747,5.16670048670429,0,5.34165049125441,"2021-03-09",413,5.08935845022578,-0.0240446576076301,5.17428608818624,5.173337888001,-0.0110807420551512,0,-0.0088108280011612,-1,0,-1
45081,"Saluda","South Carolina",-0.0284445122126272,5.1140943935534,0,5.31320597904179,"2021-03-10",414,5.03509559166642,-0.0267789595889327,5.12741881454295,5.12575326191926,-0.0034516544197525,0,-0.0027343019813026,-1,0,-1
45081,"Saluda","South Carolina",-0.0321801096038045,5.05576510221135,0,5.28102586943798,"2021-03-11",415,4.9894602969598,-0.0294068513011802,5.07795116863235,5.07517791032972,-0.0037355973911773,0,-0.0026278917122475,-1,0,-1
45081,"Saluda","South Carolina",-0.0250197009616651,5.08086826174466,0,5.25600616847632,"2021-03-12",416,4.92932193822126,-0.025586341010568,5.07633514135344,5.07690178140234,0.0071604086421394,0,0.0038205102906122,1,0,1
45081,"Saluda","South Carolina",-0.0341071332151803,4.98314910275487,0,5.22189903526113,"2021-03-13",417,4.87082573153965,-0.0328729345490087,4.99302269208425,4.99178849341807,-0.0090874322535152,0,-0.0072865935384407,-1,0,-1
45081,"Saluda","South Carolina",-0.0417219110173157,4.8881237471226,0,5.18017712424381,"2021-03-14",418,4.80402104473326,-0.038567421059738,4.91335966678323,4.91020517682564,-0.0076147778021354,0,-0.0056944865107293,-1,0,-1
45081,"Saluda","South Carolina",-0.0469028786894517,4.8049540947282,0,5.13327424555436,"2021-03-15",419,4.7523579050601,-0.0435325642749271,4.83191661004439,4.82854629562987,-0.005180967672136,0,-0.0049651432151891,-1,0,-1
45081,"Saluda","South Carolina",-0.0439157953285711,4.78194788292578,0,5.08935845022578,"2021-03-16",420,4.69918082045033,-0.0419135890933003,4.79796553280796,4.79596332657268,0.0029870833608806,0,0.0016189751816268,1,0,1
45081,"Saluda","South Carolina",-0.0542628585593575,4.65525558175092,0,5.03509559166642,"2021-03-17",421,4.64576358295334,-0.0513742533336388,4.67836442355667,4.67547581833095,-0.0103470632307864,0,-0.0094606642403385,-1,0,-1
45081,"Saluda","South Carolina",-0.0456352947066238,4.67001323401343,0,4.9894602969598,"2021-03-18",422,4.57176112385696,-0.0434402091730199,4.68757391828226,4.68537883274866,0.0086275638527337,0,0.0079340441606189,1,0,1
45081,"Saluda","South Carolina",-0.0601383587385423,4.50835342705147,0,4.92932193822126,"2021-03-19",423,4.50771484983738,-0.0542729130528082,4.55527699253733,4.5494115468516,-0.0145030640319185,0,-0.0108327038797883,-1,0,-1
45081,"Saluda","South Carolina",-0.0584962066816046,4.46135228476842,0,4.87082573153965,"2021-03-20",424,4.4576640488795,-0.0528836370891011,4.50625284150845,4.50064027191594,0.0016421520569377,0,0.0013892759637071,1,0,1
45081,"Saluda","South Carolina",-0.0668046868064013,4.33638823708845,0,4.80402104473326,"2021-03-21",425,4.40497556765943,-0.0594990950572347,4.39483297108177,4.38752737933262,-0.00830848012479669,0,-0.0066154579681336,-1,0,-1
45081,"Saluda","South Carolina",-0.0516631396731612,4.39071592734797,0,4.7523579050601,"2021-03-22",426,4.33822401201549,-0.050510255848736,4.39993899794337,4.39878611411895,0.0151415471332401,0,0.0089888392084987,1,0,1
45081,"Saluda","South Carolina",-0.0531770846097732,4.32694122818192,0,4.69918082045033,"2021-03-23",427,4.28062652023215,-0.0502546129407549,4.35032100153406,4.34739852986505,-0.001513944936612,0,0.0002556429079811,-1,0,1
45081,"Saluda","South Carolina",-0.0534172374969787,4.27184292047449,0,4.64576358295334,"2021-03-24",428,4.23203396499529,-0.050102189660242,4.29836330316839,4.29504825533165,-0.000240152887205504,0,0.000152423280512903,-1,0,1
45081,"Saluda","South Carolina",-0.0740024590963814,4.05374391018229,0,4.57176112385696,"2021-03-25",429,4.20469261939097,-0.062358386250772,4.14689649294716,4.13525242010156,-0.0205852215994027,0,-0.01225619659053,-1,0,-1
45081,"Saluda","South Carolina",-0.0640462740195945,4.05939093170022,0,4.50771484983738,"2021-03-26",430,4.16998197642772,-0.0570507017186594,4.11535551010768,4.10835993780676,0.00995618507678689,0,0.0053076845321126,1,0,1
45081,"Saluda","South Carolina",-0.0500508009578718,4.1073084421744,0,4.4576640488795,"2021-03-27",431,4.12482757894718,-0.0478898305545796,4.12459620540074,4.12243523499744,0.0139954730617227,0,0.0091608711640798,1,0,1
45081,"Saluda","South Carolina",-0.0526884812200689,4.03615619911894,0,4.40497556765943,"2021-03-28",432,4.09672268462707,-0.0506259991084434,4.05265605601195,4.05059357390033,-0.0026376802621971,0,-0.0027361685538638,-1,0,-1
45081,"Saluda","South Carolina",-0.0667515556439415,3.8709631225079,0,4.33822401201549,"2021-03-29",433,4.07753744390572,-0.0609618409523437,3.91728084004068,3.91149112534908,-0.0140630744238726,0,-0.0103358418439003,-1,0,-1
45081,"Saluda","South Carolina",-0.0575974917833319,3.87744407774883,0,4.28062652023215,"2021-03-30",434,4.05054193956371,-0.0538784524061341,3.90719639276642,3.90347735338921,0.0091540638606096,0,0.0070833885462096,1,0,1
45081,"Saluda","South Carolina",-0.0485925552368685,3.89188607833721,0,4.23203396499529,"2021-03-31",435,4.02023659006838,-0.0466462739885701,3.90745632832359,3.9055100470753,0.0090049365464634,0,0.007232178417564,1,0,1
45081,"Saluda","South Carolina",-0.0273413456043252,4.01330320016069,0,4.20469261939097,"2021-04-01",436,3.99951045955126,-0.0262263489087782,4.02222317372506,4.02110817702952,0.0212512096325433,0,0.0204199250797919,1,0,1
45081,"Saluda","South Carolina",-0.0347106429632384,3.92700747568505,0,4.16998197642772,"2021-04-02",437,3.98898404656427,-0.0345321795950334,3.9284351826307,3.92825671926249,-0.0073692973589132,0,-0.0083058306862552,-1,0,-1
45081,"Saluda","South Carolina",-0.0451543974805436,3.80874679658337,0,4.12482757894718,"2021-04-03",438,3.9863350383927,-0.0408299474565893,3.84334239677501,3.83901794675105,-0.0104437545173052,0,-0.0062977678615559,-1,0,-1
45081,"Saluda","South Carolina",-0.0281048943201062,3.89998842438632,0,4.09672268462707,"2021-04-04",439,3.97834564835922,-0.0290870725970474,3.8921309981708,3.89311317644774,0.0170495031604374,0,0.0117428748595419,1,0,1
45081,"Saluda","South Carolina",-0.0191852407213493,3.94324075885628,0,4.07753744390572,"2021-04-05",440,3.98898404656427,-0.0218098909680393,3.92224355688276,3.92486820712944,0.0089196535987569,0,0.0072771816290081,1,0,1
45081,"Saluda","South Carolina",-0.0269955043420152,3.8615734091696,0,4.05054193956371,"2021-04-06",441,3.98898404656427,-0.0282058359085323,3.85189075663746,3.85310108820398,-0.0078102636206659,0,-0.006395944940493,-1,0,-1
45081,"Saluda","South Carolina",-0.0303053494953276,3.80809914360109,0,4.02023659006838,"2021-04-07",442,3.99951045955126,-0.0296015411340848,3.81372961049103,3.81302580212979,-0.0033098451533124,0,-0.0013957052255525,-1,0,-1
45081,"Saluda","South Carolina",-0.0207261305171186,3.85442754593143,0,3.99951045955126,"2021-04-08",443,3.99688922607139,-0.0225226879566438,3.84005508641523,3.84185164385475,0.009579218978209,0,0.007078853177441,1,0,1
45081,"Saluda","South Carolina",-0.0105264129869874,3.91529915565536,0,3.98898404656427,"2021-04-09",444,3.98898404656427,-0.0122223780655293,3.90173143502703,3.90342740010556,0.0101997175301312,0,0.0103003098911145,1,0,1
45081,"Saluda","South Carolina",-0.00264900817157705,3.96779198119166,0,3.9863350383927,"2021-04-10",445,3.9863350383927,-0.00805490115605542,3.92454483731583,3.92995073030031,0.00787740481541035,0,0.00416747690947388,1,0,1
45081,"Saluda","South Carolina",-0.00798939003347984,3.92241991812486,0,3.97834564835922,"2021-04-11",446,3.97834564835922,-0.0120776801197542,3.88971359743467,3.89380188752094,-0.00534038186190279,0,-0.00402277896369878,-1,0,-1
45081,"Saluda","South Carolina",0.0106383982050573,4.06345283399968,0.0106383982050562,4.06345283399967,"2021-04-12",447,3.95672318434605,0.00822966436592565,4.04418296328662,4.04659169712575,0.0186277882385371,0.0106383982050562,0.0203073444856798,1,1,1
45081,"Saluda","South Carolina",-6.28036983473555e-16,3.98898404656427,0,3.98898404656427,"2021-04-13",448,3.94019388239484,0.00290407035821845,4.01221660943002,4.0093125390718,-0.0106383982050579,-0.0106383982050562,-0.0053255940077072,-1,-1,-1
45081,"Saluda","South Carolina",0.0105264129869865,4.07319535046017,0.0105264129869878,4.07319535046018,"2021-04-14",449,3.90341463089155,0.00851223256060098,4.05708190704908,4.05909608747547,0.0105264129869871,0.0105264129869878,0.00560816220238253,1,1,1
45081,"Saluda","South Carolina",-0.00262123347987439,3.97854059171227,0,3.99688922607139,"2021-04-15",450,3.87120101090789,-0.00805064307873771,3.93510531492136,3.94053472452023,-0.0131476464668609,-0.0105264129869878,-0.0165628756393387,-1,-1,-1
45081,"Saluda","South Carolina",-0.0079051795071138,3.93364779001448,0,3.98898404656427,"2021-04-16",451,3.85014760171006,-0.00962998072563494,3.91984938026631,3.92157418148483,-0.00528394602723941,0,-0.00157933764689723,-1,0,-1
45081,"Saluda","South Carolina",-0.00264900817157536,3.96779198119167,0,3.9863350383927,"2021-04-17",452,3.82241084673846,-0.00785805474059297,3.92611960863953,3.93132865520855,0.00525617133553844,0,0.00177192598504197,1,0,1
45081,"Saluda","South Carolina",-0.00798939003348112,3.92241991812485,0,3.97834564835922,"2021-04-18",453,3.78418963391826,-0.0108054352647587,3.89989155627463,3.90270760150591,-0.00534038186190576,0,-0.00294738052416573,-1,0,-1
45081,"Saluda","South Carolina",-0.0216224640131671,3.80536593625388,0,3.95672318434605,"2021-04-19",454,3.74782198974739,-0.0223637586653784,3.79943557903619,3.8001768736884,-0.013633073979686,0,-0.0115583234006197,-1,0,-1
45081,"Saluda","South Carolina",-0.0165293019512089,3.82448876873638,0,3.94019388239484,"2021-04-20",455,3.72051653905712,-0.0163284996077459,3.82609518748408,3.82589438514062,0.0050931620619582,0,0.0060352590576325,1,0,1
45081,"Saluda","South Carolina",-0.036779251503302,3.64595987036843,0,3.90341463089155,"2021-04-21",456,3.71008166176454,-0.034390297084988,3.66507150571494,3.66268255129663,-0.0202499495520931,0,-0.0180617974772421,-1,0,-1
45081,"Saluda","South Carolina",-0.0322136199836542,3.64570567102231,0,3.87120101090789,"2021-04-22",457,3.71008166176454,-0.0309045197070023,3.65617847323553,3.65486937295887,0.0045656315196478,0,0.0034857773779857,1,0,1
45081,"Saluda","South Carolina",-0.0210534091978363,3.7027737373252,0,3.85014760171006,"2021-04-23",458,3.71008166176454,-0.0224306300629183,3.69175597040454,3.69313319126963,0.0111602107858179,0,0.008473889644084,1,0,1
45081,"Saluda","South Carolina",-0.0277367549716,3.62825356193726,0,3.82241084673846,"2021-04-24",459,3.70657903121334,-0.0264252308147824,3.6387457551918,3.63743423103498,-0.0066833457737637,0,-0.0039946007518641,-1,0,-1
45081,"Saluda","South Carolina",-0.0382212128201931,3.51664114417691,0,3.78418963391826,"2021-04-25",460,3.73084365321297,-0.0340692019178395,3.54985723139574,3.54570522049338,-0.0104844578485931,0,-0.0076439711030571,-1,0,-1
45081,"Saluda","South Carolina",-0.0363676441708763,3.49324848055125,0,3.74782198974739,"2021-04-26",461,3.75787232560089,-0.0335119319861042,3.51609417802943,3.51323846584466,0.0018535686493168,0,0.000557269931735299,1,0,1
45081,"Saluda","South Carolina",-0.0273054506902685,3.52937838422524,0,3.72051653905712,"2021-04-27",462,3.78418963391826,-0.0260949157398538,3.53906266382856,3.53785212887814,0.0090621934806078,0,0.0074170162462504,1,0,1
45081,"Saluda","South Carolina",-0.0104348772925789,3.63703752071649,0,3.71008166176454,"2021-04-28",463,3.80666248977032,-0.0120052070929273,3.6244748823137,3.62604521211405,0.0168705733976896,0,0.0140897086469265,1,0,1
45081,"Saluda","South Carolina",0,3.71008166176454,0,3.71008166176454,"2021-04-29",464,3.8286413964891,-0.0104551015706029,3.62644084919972,3.63689595077032,0.0104348772925789,0,0.0015501055223244,1,0,1
45081,"Saluda","South Carolina",0,3.71008166176454,0,3.71008166176454,"2021-04-30",465,3.86223234092513,-0.0120050040667646,3.61404162923042,3.62604663329719,0,0,-0.0015499024961617,0,0,-1
45081,"Saluda","South Carolina",-0.00350263055120245,3.68206061735492,0,3.70657903121334,"2021-05-01",466,3.90052862600241,-0.00996604269811553,3.63035332017962,3.63681673232653,-0.00350263055120245,0,0.00203896136864907,-1,0,1
45081,"Saluda","South Carolina",0.0242646219996328,3.9006960072104,0.0242646219996314,3.90069600721039,"2021-05-02",467,3.92338676407846,0.0227650343432682,3.88869930595949,3.89019889361585,0.0277672525508353,0.0242646219996314,0.0327310770413837,1,1,1
45081,"Saluda","South Carolina",0.0270286723879165,3.9470730323163,0.0270286723879205,3.94707303231633,"2021-05-03",468,3.94296780927757,0.0257961643599712,3.93721296809274,3.93844547612069,0.0027640503882837,0.0027640503882891,0.003031130016703,1,1,1
45081,"Saluda","South Carolina",0.0263173083173708,3.96841079213986,0.0263173083173722,3.96841079213987,"2021-05-04",469,3.97029191355212,0.0263017867667307,3.96828661973474,3.96830214128537,-0.0007113640705457,-0.000711364070548302,0.000505622406759502,-1,-1,1
45081,"Saluda","South Carolina",0.0224728558520613,3.96397248073475,0.0224728558520586,3.96397248073473,"2021-05-05",470,3.99688922607139,0.0228828332429365,3.96725229986175,3.96684232247088,-0.0038444524653095,-0.0038444524653136,-0.0034189535237942,-1,-1,-1
45081,"Saluda","South Carolina",0.021978906718774,3.98249374352051,0.0219789067187754,3.98249374352052,"2021-05-06",471,4.02535169073515,0.0218892693509938,3.98177664457827,3.98186628194606,-0.000493949133287298,-0.000493949133283201,-0.0009935638919427,-1,-1,-1
45081,"Saluda","South Carolina",0.0335909444360338,4.09736895197737,0.0335909444360358,4.09736895197738,"2021-05-07",472,4.04805127825126,0.0306297702425176,4.07367955842924,4.07664073262275,0.0116120377172598,0.0116120377172604,0.0087405008915238,1,1,1
45081,"Saluda","South Carolina",0.0382962850772818,4.16860262154338,0.0382962850772794,4.16860262154337,"2021-05-08",473,4.05797691805123,0.0357548926146521,4.14827148184235,4.15081287430497,0.004705340641248,0.0047053406412436,0.0051251223721345,1,1,1
45081,"Saluda","South Carolina",0.0228581380760524,4.08339373061083,0.0228581380760513,4.08339373061082,"2021-05-09",474,4.07995582477,0.0241767626606278,4.09394272728743,4.09262410270285,-0.0154381470012294,-0.0154381470012281,-0.0115781299540243,-1,-1,-1
45081,"Saluda","South Carolina",0.0195810451991044,4.0800351256713,0.0195810451991063,4.08003512567131,"2021-05-10",475,4.10382330617665,0.0196369633352042,4.08048247076009,4.080426552624,-0.003277092876948,-0.003277092876945,-0.0045397993254236,-1,-1,-1
45081,"Saluda","South Carolina",0.0273241042745559,4.16156064347401,0.027324104274554,4.161560643474,"2021-05-11",476,4.11787505963229,0.026872293342956,4.15794615602122,4.15839796695281,0.0077430590754515,0.0077430590754477,0.0072353300077518,1,1,1
45081,"Saluda","South Carolina",0.0265973125192606,4.18307041370621,0.0265973125192653,4.18307041370625,"2021-05-12",477,4.13173209429372,0.0264668537674118,4.18202674369141,4.18215720244327,-0.000726791755295299,-0.000726791755288701,-0.0004054395755442,-1,-1,-1
45081,"Saluda","South Carolina",0.0284624646637625,4.22458894338149,0.0284624646637623,4.22458894338149,"2021-05-13",478,4.14086457785699,0.0273031221619443,4.21531420336694,4.21647354586876,0.0018651521445019,0.001865152144497,0.000836268394532502,1,1,1
45081,"Saluda","South Carolina",0.0226995875161046,4.20694839086399,0.0226995875161062,4.206948390864,"2021-05-14",479,4.14086457785699,0.0238696321495251,4.21630874793135,4.21513870329794,-0.0057628771476579,-0.0057628771476561,-0.0034334900124192,-1,-1,-1
45081,"Saluda","South Carolina",0.00992563979997003,4.12745639665102,0.0099256397999703,4.12745639665102,"2021-05-15",480,4.13858926401986,0.0109754029902807,4.13585450217351,4.13480473898319,-0.0127739477161346,-0.0127739477161359,-0.0128942291592444,-1,-1,-1
45081,"Saluda","South Carolina",0.0219789067187774,4.23380817180144,0.0219789067187746,4.23380817180142,"2021-05-16",481,4.13858926401986,0.0206359963918093,4.2230648891857,4.22440779951267,0.0120532669188074,0.0120532669188043,0.0096605934015286,1,1,1
45081,"Saluda","South Carolina",0.0238674814066457,4.27089567602316,0.0238674814066444,4.27089567602316,"2021-05-17",482,4.13173209429372,0.0229308588912984,4.26340269590039,4.26433931841574,0.0018885746878683,0.0018885746878698,0.0022948624994891,1,1,1
45081,"Saluda","South Carolina",0.0140517534556482,4.21623733382183,0.0140517534556492,4.21623733382184,"2021-05-18",483,4.12713438504509,0.0147562177805281,4.22187304842087,4.22116858409599,-0.0098157279509975,-0.0098157279509952,-0.0081746411107703,-1,-1,-1
45081,"Saluda","South Carolina",0.0138570346614291,4.22873133692372,0.0138570346614264,4.22873133692371,"2021-05-19",484,4.12019794104843,0.0147205661126214,4.23563958853326,4.23477605708207,-0.0001947187942191,-0.0001947187942228,-3.56516679067016e-05,-1,-1,-1
45081,"Saluda","South Carolina",0.00913248356327334,4.20479196279991,0.00913248356327312,4.20479196279991,"2021-05-20",485,4.10852919721406,0.00951779497839608,4.20787445412089,4.20748914270576,-0.00472455109815576,-0.00472455109815328,-0.00520277113422532,-1,-1,-1
45081,"Saluda","South Carolina",1.25607396694701e-15,4.140864577857,0,4.14086457785699,"2021-05-21",486,4.08477511120595,0.00567007325929774,4.18622516393137,4.18055509067207,-0.00913248356327208,-0.00913248356327312,-0.00384772171909834,-1,-1,-1
45081,"Saluda","South Carolina",-0.00227531383713678,4.1226620671599,0,4.13858926401986,"2021-05-22",487,4.05054193956371,-0.00755947598513091,4.08038876997594,4.08567293212394,-0.00227531383713804,0,-0.0132295492444287,-1,0,-1
45081,"Saluda","South Carolina",0,4.13858926401986,0,4.13858926401986,"2021-05-23",488,4.00733318523247,-0.0114516451585583,4.04697610275139,4.05842774790995,0.00227531383713678,0,-0.00389216917342739,1,0,-1
45081,"Saluda","South Carolina",-0.00685716972613852,4.08373190621075,0,4.13173209429372,"2021-05-24",489,3.96488649498521,-0.00934049431956887,4.06386530946331,4.06634863405674,-0.00685716972613852,0,0.00211115083898943,-1,0,1
45081,"Saluda","South Carolina",-0.00459770924862974,4.09495042030468,0,4.12713438504509,"2021-05-25",490,3.91772102654278,-0.00712695381177462,4.07471646379952,4.07724570836267,0.00225946047750878,0,0.00221354050779425,1,0,1
45081,"Saluda","South Carolina",-0.0069364439966578,4.07164283307183,0,4.12019794104843,"2021-05-26",491,3.85922481986117,-0.00838041385698162,4.06009107418924,4.06153504404956,-0.00233873474802806,0,-0.001253460045207,-1,0,-1
45081,"Saluda","South Carolina",-0.0116687438343751,4.02684799037343,0,4.10852919721406,"2021-05-27",492,3.79709303875417,-0.0118679014062734,4.02525472979824,4.02545388737015,-0.0047322998377173,0,-0.00348748754929178,-1,0,-1
45081,"Saluda","South Carolina",-0.0237540860081089,3.91849650914919,0,4.08477511120595,"2021-05-28",493,3.73766961828337,-0.0231327110746399,3.92346750861694,3.92284613368347,-0.0120853421737338,0,-0.0112648096683665,-1,0,-1
45081,"Saluda","South Carolina",-0.0342331716422385,3.81090973806804,0,4.05054193956371,"2021-05-29",494,3.67449071666184,-0.028505674384126,3.85672971613294,3.85100221887483,-0.0104790856341296,0,-0.0053729633094861,-1,0,-1
45081,"Saluda","South Carolina",-0.0432087543312401,3.70487190491379,0,4.00733318523247,"2021-05-30",495,3.59926729542425,-0.0382284354617684,3.74471445586956,3.73973413700009,-0.0089755826890016,0,-0.0097227610776424,-1,0,-1
45081,"Saluda","South Carolina",-0.0424466902472499,3.66775966325446,0,3.96488649498521,"2021-05-31",496,3.51367536508885,-0.038752574836331,3.69731258654182,3.69361847113089,0.000762064083990197,0,-0.000524139374562603,1,0,-1
45081,"Saluda","South Carolina",-0.0471654684424334,3.58756274744575,0,3.91772102654278,"2021-06-01",497,3.42006586596654,-0.0443340195487892,3.6102143385949,3.60738288970126,-0.00471877819518349,0,-0.00558144471245819,-1,0,-1
45081,"Saluda","South Carolina",-0.0584962066816193,3.44975137308984,0,3.85922481986117,"2021-06-02",498,3.3322045101752,-0.0531391454096449,3.49260786326562,3.48725080199366,-0.0113307382391859,0,-0.0088051258608557,-1,0,-1
45081,"Saluda","South Carolina",-0.0621317811070033,3.36217057100515,0,3.79709303875417,"2021-06-03",499,3.21314515015922,-0.0547543204463385,3.42119025629046,3.4138127956298,-0.003635574425384,0,-0.0016151750366936,-1,0,-1
45081,"Saluda","South Carolina",-0.0594234204708105,3.32170567498769,0,3.73766961828337,"2021-06-04",500,3.01693448120459,-0.0547571354700188,3.35903595499402,3.35436966999324,0.0027083606361928,0,-2.81502368029707e-06,1,0,-1
45081,"Saluda","South Carolina",-0.0855919303354017,2.91453185274103,0,3.51367536508885,"2021-06-07",503,NA,-0.0712566831464097,3.02921383025297,3.01487858306398,-0.0261685098645912,0,-0.0164995476763909,-1,0,-1
45081,"Saluda","South Carolina",-0.0936094991222992,2.76479937211044,0,3.42006586596654,"2021-06-08",504,NA,-0.0773416941988082,2.89494181149838,2.87867400657488,-0.00801756878689749,0,-0.00608501105239849,-1,0,-1
45081,"Saluda","South Carolina",-0.0878613557913278,2.71717501963591,0,3.3322045101752,"2021-06-09",505,NA,-0.0762157234466483,2.81034007839335,2.79869444604866,0.0057481433309714,0,0.00112597075215989,1,0,1
45081,"Saluda","South Carolina",-0.119059360015995,2.37972963004725,0,3.21314515015922,"2021-06-10",506,NA,-0.0865983477844013,2.63941772789999,2.60695671566841,-0.0311980042246672,0,-0.010382624337753,-1,0,-1
45081,"Saluda","South Carolina",-0.196210668954623,1.64345979852223,0,3.01693448120459,"2021-06-11",507,NA,-0.10786105802772,2.35025668593746,2.26190707501055,-0.077151308938628,0,-0.0212627102433187,-1,0,-1
